41 98 1000
6 40 0
6 41 0
35 36 0
1 9 0
2 40 0
18 20 0
13 20 0
22 33 0
6 32 0
10 28 0
8 35 0
1 3 0
9 33 0
26 33 0
9 25 0
2 4 0
1 6 0
23 39 0
9 35 0
1 2 0
15 28 0
9 24 0
12 37 0
10 23 0
38 39 0
5 11 0
3 34 0
17 29 0
6 36 0
5 32 0
29 31 0
23 30 0
3 16 0
12 16 0
17 24 0
4 16 0
19 25 0
22 29 0
5 12 0
19 26 0
25 32 0
26 27 0
4 17 0
6 19 0
18 35 0
32 40 0
16 18 0
1 21 0
4 8 0
8 22 0
3 4 0
6 15 0
5 33 0
8 17 0
4 22 0
15 21 0
32 38 0
19 23 0
2 14 0
12 13 0
7 8 0
6 26 0
7 30 0
29 32 0
2 23 0
2 7 0
2 13 0
15 39 0
7 28 0
14 38 0
12 24 0
23 25 0
14 30 0
11 29 0
3 26 0
4 27 0
28 41 0
2 5 0
18 26 0
7 9 0
23 29 0
2 35 0
2 28 0
7 22 0
12 36 0
9 19 0
19 22 0
6 18 0
13 16 0
1 18 0
14 41 0
5 10 0
32 34 0
13 32 0
32 33 0
4 34 0
26 41 0
7 38 0
