500 8000 99
307 321 2
197 396 2
431 496 2
210 228 2
327 480 2
113 160 2
65 471 2
85 369 2
435 492 2
238 391 2
252 355 2
288 466 2
172 206 2
120 335 2
179 315 2
162 179 2
296 446 2
472 484 2
113 173 2
108 113 2
181 222 2
220 266 2
253 348 2
221 484 2
176 252 2
97 484 2
103 498 2
36 129 2
37 380 2
7 333 2
47 489 2
353 389 2
88 162 2
44 50 2
166 237 2
47 378 2
379 470 2
222 419 2
120 187 2
102 210 2
10 137 2
421 496 2
282 373 2
376 482 2
142 453 2
117 224 2
388 493 2
282 480 2
374 455 2
49 213 2
319 431 2
6 480 2
154 199 2
56 352 2
21 84 2
243 492 2
457 464 2
8 298 2
339 363 2
110 280 2
137 199 2
39 428 2
98 278 2
71 109 2
88 286 2
100 169 2
296 500 2
163 306 2
194 476 2
381 447 2
177 439 2
200 449 2
302 439 2
36 44 2
29 92 2
48 181 2
258 267 2
278 490 2
31 462 2
470 473 2
132 491 2
123 462 2
93 299 2
15 201 2
135 463 2
196 248 2
35 400 2
120 191 2
29 207 2
74 154 2
305 461 2
349 412 2
40 279 2
192 382 2
121 362 2
66 303 2
80 268 2
53 141 2
164 413 2
192 217 2
98 216 2
299 408 2
58 254 2
18 97 2
45 320 2
92 102 2
119 351 2
75 364 2
116 213 2
28 126 2
2 494 2
3 87 2
397 452 2
47 332 2
155 313 2
38 156 2
164 444 2
22 333 2
438 477 2
364 489 2
13 135 2
198 268 2
403 452 2
141 494 2
322 470 2
374 420 2
59 175 2
20 149 2
15 375 2
140 356 2
149 158 2
22 81 2
123 342 2
16 64 2
57 253 2
393 410 2
139 196 2
119 200 2
457 470 2
194 284 2
133 291 2
102 231 2
219 360 2
32 226 2
114 422 2
364 414 2
51 267 2
24 430 2
153 269 2
184 346 2
10 439 2
48 87 2
92 422 2
416 417 2
121 156 2
41 63 2
96 303 2
140 282 2
190 259 2
25 466 2
137 412 2
378 381 2
155 304 2
348 376 2
270 435 2
24 98 2
196 461 2
96 218 2
39 75 2
123 160 2
149 302 2
169 312 2
449 450 2
30 204 2
243 446 2
240 272 2
370 399 2
151 330 2
72 311 2
2 5 2
142 221 2
339 467 2
359 378 2
74 242 2
93 258 2
101 255 2
215 251 2
282 327 2
28 450 2
120 209 2
71 286 2
480 481 2
120 388 2
296 324 2
19 101 2
461 468 2
283 287 2
208 272 2
63 157 2
121 257 2
15 107 2
166 414 2
198 430 2
93 360 2
202 481 2
134 457 2
142 347 2
126 306 2
26 243 2
50 412 2
54 116 2
156 361 2
195 375 2
7 262 2
149 377 2
22 476 2
394 437 2
164 287 2
324 454 2
97 352 2
159 441 2
168 344 2
163 246 2
362 382 2
311 423 2
71 79 2
199 327 2
163 342 2
178 341 2
92 133 2
328 402 2
338 400 2
260 407 2
206 220 2
237 475 2
98 443 2
259 442 2
186 395 2
4 233 2
16 487 2
17 339 2
304 408 2
153 182 2
395 487 2
346 440 2
91 497 2
337 462 2
428 486 2
24 164 2
94 442 2
56 218 2
17 216 2
32 213 2
257 321 2
297 336 2
161 355 2
127 304 2
111 134 2
20 488 2
371 410 2
1 5 2
202 464 2
240 288 2
11 52 2
91 246 2
171 376 2
119 431 2
105 309 2
225 333 2
309 397 2
120 183 2
268 428 2
18 177 2
182 386 2
98 188 2
336 454 2
372 406 2
32 109 2
231 460 2
27 306 2
68 238 2
26 411 2
54 365 2
371 464 2
2 48 2
343 453 2
128 216 2
22 224 2
163 207 2
33 426 2
135 188 2
139 230 2
145 306 2
177 364 2
65 195 2
155 358 2
67 415 2
109 303 2
244 259 2
1 34 2
382 429 2
118 280 2
73 222 2
60 153 2
308 438 2
185 477 2
143 410 2
166 421 2
142 254 2
99 420 2
109 206 2
259 290 2
263 500 2
175 216 2
315 490 2
359 391 2
30 473 2
21 42 2
85 136 2
38 239 2
308 334 2
228 412 2
141 327 2
29 37 2
82 384 2
22 299 2
23 94 2
46 415 2
160 444 2
193 309 2
105 207 2
11 262 2
89 125 2
255 483 2
40 197 2
364 491 2
187 268 2
110 235 2
344 408 2
139 185 2
223 387 2
374 401 2
192 416 2
8 158 2
186 236 2
286 289 2
451 488 2
335 489 2
245 419 2
297 475 2
34 197 2
82 128 2
108 166 2
9 55 2
73 278 2
297 351 2
91 493 2
69 389 2
32 161 2
24 448 2
111 233 2
120 264 2
212 284 2
146 395 2
222 282 2
256 345 2
127 187 2
347 458 2
73 218 2
362 493 2
122 441 2
47 129 2
26 426 2
323 494 2
239 451 2
124 240 2
93 184 2
94 150 2
68 471 2
274 307 2
362 420 2
116 243 2
57 340 2
1 144 2
267 403 2
7 360 2
256 341 2
255 430 2
100 233 2
82 260 2
163 405 2
263 349 2
188 367 2
310 388 2
202 430 2
160 316 2
110 181 2
37 296 2
150 493 2
95 162 2
196 272 2
40 323 2
195 300 2
28 114 2
30 156 2
49 91 2
68 217 2
392 486 2
272 372 2
78 405 2
196 268 2
14 391 2
96 235 2
350 451 2
421 487 2
248 462 2
76 296 2
409 410 2
129 281 2
78 385 2
383 487 2
198 490 2
221 380 2
85 465 2
44 78 2
46 486 2
61 447 2
332 478 2
226 441 2
251 401 2
150 164 2
55 302 2
246 394 2
100 181 2
80 193 2
404 450 2
131 201 2
390 471 2
120 476 2
322 439 2
234 267 2
334 351 2
20 221 2
302 465 2
135 173 2
174 374 2
394 444 2
24 144 2
206 377 2
233 300 2
3 251 2
145 236 2
134 412 2
342 454 2
293 397 2
200 332 2
363 495 2
15 203 2
152 396 2
62 293 2
4 343 2
242 457 2
16 114 2
336 468 2
6 315 2
157 295 2
152 160 2
276 442 2
46 167 2
250 365 2
290 392 2
464 491 2
97 312 2
68 183 2
125 288 2
6 209 2
24 478 2
22 409 2
298 488 2
108 127 2
51 489 2
153 319 2
271 276 2
350 386 2
74 440 2
249 452 2
13 194 2
16 196 2
54 412 2
350 422 2
257 389 2
58 130 2
153 426 2
38 85 2
168 456 2
21 283 2
382 494 2
29 408 2
17 409 2
317 367 2
383 486 2
346 416 2
127 242 2
34 450 2
260 339 2
65 310 2
152 390 2
174 248 2
73 89 2
118 403 2
119 429 2
115 423 2
474 476 2
43 406 2
374 479 2
19 488 2
215 422 2
32 412 2
263 267 2
158 324 2
84 226 2
120 346 2
74 304 2
17 272 2
191 310 2
233 241 2
249 273 2
66 103 2
40 152 2
7 28 2
90 152 2
153 185 2
65 437 2
344 382 2
122 351 2
341 481 2
166 261 2
124 231 2
113 443 2
170 218 2
98 392 2
122 222 2
6 213 2
132 423 2
225 421 2
164 278 2
90 167 2
390 434 2
84 298 2
121 404 2
30 95 2
172 341 2
91 395 2
184 322 2
300 466 2
70 201 2
88 171 2
115 155 2
88 227 2
189 461 2
65 273 2
185 488 2
442 493 2
186 412 2
10 192 2
411 431 2
123 256 2
253 364 2
306 347 2
53 97 2
5 120 2
286 374 2
99 298 2
10 127 2
378 401 2
118 200 2
45 345 2
346 397 2
172 429 2
200 364 2
251 288 2
323 476 2
340 444 2
336 349 2
89 94 2
296 344 2
2 321 2
62 368 2
32 267 2
65 222 2
282 376 2
221 334 2
18 474 2
94 305 2
131 401 2
54 397 2
86 151 2
133 396 2
204 336 2
80 403 2
179 490 2
101 102 2
293 490 2
187 297 2
125 431 2
346 472 2
3 320 2
248 265 2
73 285 2
287 435 2
186 248 2
92 189 2
32 45 2
195 271 2
92 462 2
206 291 2
84 354 2
9 153 2
83 418 2
238 364 2
49 159 2
337 399 2
28 489 2
207 475 2
63 69 2
169 464 2
100 457 2
130 208 2
73 343 2
50 409 2
161 410 2
84 496 2
164 483 2
319 445 2
216 486 2
85 328 2
265 364 2
118 398 2
134 173 2
71 288 2
36 275 2
423 464 2
157 296 2
12 463 2
249 327 2
255 425 2
59 296 2
273 416 2
6 371 2
248 251 2
251 430 2
37 161 2
3 76 2
79 167 2
36 170 2
16 338 2
114 371 2
50 94 2
53 159 2
269 463 2
25 117 2
278 437 2
176 473 2
184 286 2
182 425 2
20 87 2
236 379 2
350 411 2
17 99 2
72 284 2
266 298 2
8 269 2
383 402 2
426 455 2
16 493 2
195 416 2
92 457 2
264 329 2
363 404 2
77 363 2
8 212 2
107 354 2
41 96 2
117 206 2
27 494 2
350 471 2
229 270 2
166 448 2
61 461 2
236 378 2
216 327 2
87 446 2
155 264 2
409 453 2
147 201 2
451 483 2
102 333 2
25 235 2
235 352 2
232 500 2
78 167 2
306 320 2
115 366 2
39 61 2
29 364 2
409 469 2
189 204 2
214 292 2
203 419 2
299 443 2
190 351 2
202 252 2
382 406 2
278 367 2
48 196 2
354 438 2
217 349 2
31 272 2
78 323 2
5 250 2
269 356 2
22 213 2
264 386 2
221 398 2
18 485 2
140 466 2
188 500 2
28 77 2
427 438 2
7 116 2
7 273 2
15 250 2
66 286 2
277 395 2
225 275 2
38 140 2
116 390 2
33 273 2
30 47 2
5 16 2
19 118 2
242 401 2
11 258 2
78 465 2
6 356 2
106 190 2
257 437 2
153 409 2
92 129 2
125 451 2
211 495 2
174 217 2
171 178 2
38 101 2
212 229 2
189 250 2
44 64 2
297 461 2
153 201 2
236 335 2
356 449 2
59 180 2
183 238 2
134 194 2
77 163 2
229 235 2
380 398 2
59 489 2
270 455 2
293 475 2
223 257 2
46 248 2
479 488 2
144 409 2
360 426 2
73 217 2
153 233 2
68 493 2
184 395 2
140 491 2
333 421 2
330 357 2
50 197 2
232 373 2
414 438 2
22 147 2
163 425 2
389 429 2
56 317 2
129 459 2
252 371 2
42 75 2
253 261 2
167 286 2
178 320 2
44 84 2
19 414 2
105 116 2
61 244 2
127 281 2
213 443 2
432 479 2
252 403 2
135 461 2
83 351 2
214 343 2
227 237 2
45 439 2
233 283 2
338 443 2
56 310 2
56 420 2
272 308 2
281 465 2
167 491 2
219 329 2
407 491 2
277 311 2
42 432 2
113 179 2
85 432 2
405 463 2
240 280 2
253 490 2
251 265 2
271 321 2
279 373 2
183 214 2
275 371 2
225 242 2
18 417 2
261 373 2
47 272 2
283 387 2
111 206 2
174 294 2
118 271 2
323 381 2
264 371 2
420 498 2
330 442 2
251 500 2
85 425 2
109 333 2
154 192 2
152 239 2
140 345 2
146 268 2
190 287 2
209 403 2
135 453 2
195 297 2
111 209 2
148 186 2
329 336 2
6 173 2
179 195 2
1 388 2
64 205 2
127 319 2
47 346 2
224 261 2
67 447 2
264 431 2
21 154 2
164 347 2
169 265 2
270 364 2
63 326 2
99 500 2
60 368 2
279 338 2
40 419 2
198 391 2
2 274 2
90 182 2
94 363 2
35 423 2
13 17 2
290 393 2
336 414 2
209 476 2
234 322 2
67 457 2
208 467 2
364 410 2
90 375 2
160 224 2
286 498 2
84 147 2
60 463 2
95 172 2
71 162 2
280 380 2
136 356 2
102 303 2
46 65 2
110 278 2
127 394 2
69 373 2
161 334 2
238 478 2
107 209 2
145 352 2
434 458 2
365 454 2
106 114 2
161 173 2
243 277 2
257 398 2
226 308 2
89 326 2
76 430 2
46 333 2
96 279 2
64 296 2
109 266 2
175 231 2
265 360 2
44 431 2
49 305 2
76 348 2
153 446 2
172 441 2
208 227 2
17 442 2
10 231 2
158 475 2
168 487 2
47 150 2
187 496 2
280 488 2
20 63 2
314 412 2
46 381 2
81 149 2
178 226 2
43 238 2
144 361 2
96 474 2
176 250 2
66 311 2
2 66 2
279 417 2
113 446 2
425 450 2
55 67 2
258 479 2
448 453 2
76 425 2
238 302 2
325 416 2
46 116 2
196 249 2
288 424 2
168 474 2
120 328 2
13 414 2
221 287 2
13 221 2
81 461 2
77 381 2
225 481 2
406 477 2
331 377 2
129 476 2
122 400 2
53 215 2
177 234 2
98 375 2
91 130 2
95 215 2
9 72 2
451 465 2
310 342 2
36 231 2
68 100 2
48 401 2
125 267 2
123 191 2
87 385 2
445 463 2
15 346 2
358 447 2
86 134 2
416 486 2
169 345 2
259 391 2
249 270 2
161 249 2
48 151 2
287 480 2
435 444 2
128 326 2
86 428 2
240 342 2
173 313 2
136 469 2
38 193 2
222 366 2
26 305 2
348 384 2
103 169 2
83 459 2
1 131 2
98 366 2
255 280 2
56 382 2
67 177 2
187 435 2
28 357 2
54 151 2
231 496 2
171 406 2
120 464 2
48 442 2
18 83 2
240 266 2
57 473 2
71 161 2
136 271 2
101 308 2
21 195 2
43 47 2
312 461 2
306 362 2
99 146 2
45 309 2
372 438 2
102 363 2
294 310 2
160 440 2
23 237 2
166 249 2
233 402 2
109 302 2
126 188 2
294 411 2
17 490 2
52 375 2
67 440 2
186 273 2
318 497 2
31 258 2
166 275 2
43 159 2
186 476 2
376 378 2
57 326 2
94 292 2
313 467 2
273 460 2
16 218 2
251 488 2
83 482 2
230 299 2
341 473 2
139 276 2
194 426 2
66 123 2
328 366 2
120 129 2
321 376 2
41 179 2
242 324 2
36 357 2
9 90 2
80 366 2
38 92 2
200 451 2
30 140 2
4 433 2
203 298 2
1 26 2
201 299 2
168 202 2
53 214 2
322 357 2
7 405 2
331 417 2
199 214 2
7 413 2
450 481 2
142 158 2
55 431 2
11 487 2
19 236 2
31 103 2
256 300 2
193 285 2
253 392 2
210 399 2
80 234 2
4 359 2
305 352 2
89 183 2
55 101 2
306 443 2
154 378 2
5 434 2
48 142 2
45 225 2
389 433 2
40 89 2
149 326 2
232 487 2
105 136 2
205 236 2
91 258 2
231 500 2
4 327 2
30 300 2
259 357 2
146 347 2
269 469 2
162 455 2
15 74 2
217 339 2
113 169 2
275 466 2
324 359 2
96 177 2
35 470 2
375 476 2
61 345 2
146 453 2
70 76 2
46 314 2
91 92 2
291 448 2
265 414 2
4 49 2
60 425 2
163 389 2
36 497 2
94 370 2
247 366 2
34 379 2
302 363 2
137 362 2
13 269 2
111 314 2
155 310 2
1 27 2
84 455 2
141 234 2
74 474 2
278 314 2
243 306 2
98 383 2
102 251 2
375 429 2
240 474 2
154 349 2
85 100 2
344 435 2
113 480 2
236 392 2
22 317 2
36 454 2
83 143 2
86 238 2
386 471 2
362 462 2
49 467 2
268 340 2
105 358 2
300 311 2
19 387 2
177 183 2
90 169 2
6 279 2
349 468 2
246 290 2
164 472 2
130 272 2
187 385 2
286 291 2
108 359 2
189 375 2
412 478 2
20 118 2
169 177 2
33 430 2
63 81 2
333 416 2
126 449 2
170 188 2
154 432 2
173 205 2
256 389 2
128 146 2
238 380 2
273 335 2
96 114 2
19 375 2
34 433 2
408 441 2
242 352 2
205 235 2
134 223 2
2 493 2
173 181 2
392 442 2
306 349 2
21 225 2
42 201 2
383 481 2
20 232 2
278 318 2
198 237 2
132 168 2
170 438 2
110 259 2
254 326 2
61 329 2
163 208 2
124 435 2
160 485 2
208 380 2
11 364 2
82 321 2
56 164 2
306 392 2
193 390 2
122 388 2
184 197 2
112 405 2
292 440 2
231 497 2
138 141 2
388 448 2
115 137 2
168 257 2
103 488 2
68 146 2
143 443 2
161 331 2
249 293 2
260 363 2
231 415 2
454 478 2
213 465 2
206 247 2
42 59 2
20 498 2
106 261 2
65 213 2
87 327 2
215 317 2
199 424 2
139 293 2
418 451 2
55 493 2
283 417 2
69 441 2
71 123 2
425 481 2
4 18 2
182 430 2
325 418 2
345 399 2
255 468 2
31 319 2
32 207 2
113 197 2
203 496 2
8 252 2
180 210 2
148 191 2
8 234 2
65 312 2
3 103 2
60 298 2
137 171 2
171 322 2
187 229 2
132 343 2
101 162 2
312 360 2
181 462 2
40 85 2
36 135 2
17 426 2
119 128 2
204 447 2
272 297 2
28 401 2
344 500 2
420 425 2
36 254 2
227 292 2
228 464 2
149 198 2
202 324 2
139 280 2
41 114 2
8 432 2
399 421 2
378 423 2
4 60 2
167 386 2
194 255 2
239 265 2
25 196 2
38 363 2
197 481 2
16 188 2
332 336 2
303 320 2
124 263 2
235 483 2
278 409 2
421 477 2
5 309 2
30 153 2
100 372 2
156 430 2
260 304 2
2 385 2
94 360 2
40 148 2
85 356 2
24 482 2
53 265 2
165 480 2
79 255 2
304 427 2
231 380 2
72 212 2
106 266 2
346 453 2
92 149 2
344 376 2
20 73 2
345 478 2
268 493 2
214 420 2
196 290 2
63 97 2
155 296 2
76 102 2
382 420 2
122 488 2
72 123 2
18 89 2
267 485 2
96 174 2
141 156 2
56 332 2
346 428 2
28 261 2
54 273 2
103 246 2
285 352 2
33 312 2
224 471 2
339 407 2
438 488 2
7 427 2
47 402 2
30 164 2
109 349 2
209 383 2
70 356 2
445 473 2
144 285 2
463 471 2
47 260 2
141 242 2
64 148 2
24 25 2
205 373 2
136 238 2
242 271 2
15 105 2
7 397 2
14 344 2
410 492 2
190 409 2
234 297 2
22 336 2
188 420 2
157 441 2
321 397 2
235 316 2
116 150 2
23 476 2
39 368 2
75 335 2
289 327 2
23 233 2
197 339 2
90 460 2
290 350 2
154 263 2
37 437 2
114 494 2
68 409 2
13 405 2
88 131 2
123 344 2
55 371 2
31 475 2
284 439 2
165 385 2
2 140 2
133 275 2
14 400 2
86 344 2
170 250 2
280 430 2
88 458 2
338 453 2
35 373 2
229 306 2
191 325 2
468 475 2
65 424 2
132 296 2
143 167 2
166 420 2
412 483 2
168 171 2
27 106 2
61 483 2
252 356 2
316 385 2
123 371 2
87 388 2
258 355 2
256 488 2
175 201 2
196 342 2
150 390 2
148 217 2
58 229 2
208 219 2
276 451 2
285 389 2
18 320 2
63 252 2
63 464 2
1 392 2
28 243 2
110 326 2
25 387 2
150 485 2
104 286 2
74 289 2
10 358 2
156 303 2
73 154 2
82 379 2
220 227 2
123 230 2
45 313 2
6 337 2
48 255 2
31 249 2
87 150 2
79 305 2
360 447 2
296 467 2
1 279 2
71 78 2
287 439 2
55 124 2
198 212 2
281 477 2
230 317 2
193 430 2
194 433 2
122 245 2
185 395 2
9 276 2
8 57 2
15 374 2
78 134 2
362 383 2
91 242 2
7 99 2
421 499 2
295 478 2
28 146 2
319 466 2
391 402 2
56 151 2
2 225 2
212 291 2
83 303 2
50 382 2
66 439 2
246 406 2
34 381 2
360 425 2
92 389 2
63 404 2
3 143 2
308 398 2
209 281 2
172 374 2
247 421 2
101 228 2
149 267 2
182 311 2
68 106 2
30 94 2
22 365 2
44 197 2
104 270 2
97 274 2
127 424 2
340 498 2
19 138 2
115 180 2
49 327 2
297 482 2
300 344 2
337 381 2
391 450 2
110 407 2
112 479 2
246 483 2
148 365 2
20 71 2
25 283 2
143 264 2
266 290 2
48 171 2
147 444 2
114 282 2
285 311 2
78 388 2
247 462 2
154 260 2
6 434 2
26 32 2
334 449 2
33 191 2
123 197 2
376 450 2
226 292 2
177 407 2
101 356 2
45 271 2
237 416 2
144 378 2
178 200 2
167 218 2
73 492 2
269 433 2
88 425 2
324 428 2
59 68 2
13 457 2
175 307 2
123 240 2
108 469 2
16 24 2
59 282 2
21 81 2
204 244 2
37 356 2
282 315 2
53 397 2
154 478 2
14 47 2
117 249 2
84 360 2
336 474 2
201 202 2
85 237 2
252 361 2
227 368 2
65 371 2
201 324 2
109 252 2
163 285 2
262 378 2
359 490 2
260 436 2
412 421 2
205 347 2
266 468 2
27 399 2
66 394 2
11 350 2
28 177 2
55 354 2
124 491 2
36 175 2
263 430 2
242 447 2
116 476 2
184 375 2
139 371 2
78 105 2
151 307 2
179 482 2
28 494 2
43 474 2
369 402 2
136 236 2
159 285 2
367 380 2
129 397 2
162 338 2
147 176 2
204 444 2
190 291 2
351 362 2
178 284 2
104 314 2
56 276 2
136 152 2
73 94 2
345 461 2
208 238 2
255 395 2
199 217 2
162 382 2
181 366 2
90 308 2
194 397 2
156 355 2
363 416 2
393 442 2
429 475 2
45 383 2
405 493 2
93 481 2
414 489 2
151 374 2
18 497 2
96 159 2
6 38 2
316 331 2
15 86 2
148 437 2
283 441 2
6 411 2
9 377 2
107 408 2
133 451 2
162 447 2
128 498 2
54 408 2
249 354 2
111 126 2
61 135 2
82 370 2
44 202 2
456 466 2
164 384 2
102 218 2
247 493 2
29 40 2
6 301 2
144 241 2
258 336 2
9 459 2
250 484 2
362 456 2
172 466 2
65 249 2
156 351 2
21 426 2
312 500 2
22 187 2
129 384 2
246 458 2
178 291 2
248 391 2
241 288 2
247 402 2
72 160 2
140 433 2
22 205 2
129 312 2
27 91 2
23 187 2
45 206 2
252 449 2
94 372 2
54 333 2
130 458 2
18 200 2
200 202 2
82 247 2
321 353 2
80 288 2
242 483 2
272 387 2
179 184 2
242 375 2
94 293 2
363 364 2
207 367 2
286 358 2
426 488 2
83 488 2
426 457 2
185 208 2
315 405 2
202 373 2
116 434 2
78 122 2
126 243 2
205 445 2
377 390 2
113 320 2
111 201 2
138 425 2
207 288 2
272 293 2
198 423 2
97 498 2
37 164 2
408 472 2
202 327 2
11 422 2
176 242 2
129 362 2
152 451 2
191 406 2
12 199 2
164 355 2
67 74 2
18 286 2
305 310 2
204 485 2
17 474 2
153 460 2
73 248 2
102 449 2
56 235 2
129 306 2
13 39 2
146 188 2
99 151 2
267 330 2
83 442 2
53 109 2
140 170 2
56 361 2
69 228 2
157 274 2
361 456 2
76 444 2
105 354 2
142 381 2
65 218 2
184 318 2
39 274 2
343 481 2
182 266 2
265 407 2
169 385 2
161 425 2
334 385 2
48 394 2
47 100 2
181 266 2
112 375 2
430 500 2
61 356 2
38 305 2
162 487 2
132 219 2
156 187 2
114 383 2
1 19 2
300 338 2
1 236 2
127 182 2
31 381 2
158 380 2
236 245 2
137 363 2
154 186 2
88 436 2
6 98 2
230 283 2
311 449 2
293 315 2
211 479 2
84 234 2
327 364 2
2 80 2
74 417 2
103 459 2
214 266 2
205 495 2
132 276 2
12 293 2
206 270 2
371 444 2
340 347 2
189 264 2
396 400 2
413 447 2
85 385 2
13 376 2
425 428 2
125 280 2
202 352 2
211 309 2
98 497 2
240 261 2
204 389 2
171 204 2
197 201 2
209 474 2
195 359 2
212 339 2
24 148 2
133 146 2
49 191 2
5 52 2
6 14 2
82 315 2
43 476 2
126 228 2
3 345 2
160 237 2
137 153 2
29 447 2
292 412 2
307 389 2
54 132 2
264 297 2
295 471 2
301 441 2
302 387 2
68 356 2
41 310 2
147 394 2
149 386 2
228 399 2
183 424 2
397 441 2
88 93 2
36 53 2
18 123 2
206 305 2
95 186 2
29 387 2
51 330 2
166 374 2
131 327 2
56 393 2
163 422 2
39 202 2
216 358 2
119 350 2
233 331 2
3 169 2
131 342 2
129 235 2
262 465 2
49 443 2
251 408 2
93 472 2
7 232 2
247 480 2
317 407 2
122 314 2
127 252 2
221 418 2
241 321 2
96 255 2
26 36 2
218 439 2
366 380 2
303 400 2
96 231 2
487 498 2
176 187 2
154 225 2
3 105 2
65 73 2
363 492 2
240 491 2
180 255 2
291 446 2
238 394 2
193 381 2
157 341 2
116 471 2
26 60 2
48 406 2
245 433 2
62 157 2
468 493 2
125 282 2
52 401 2
267 474 2
319 434 2
218 385 2
217 222 2
31 418 2
166 401 2
102 495 2
53 335 2
70 78 2
280 353 2
384 442 2
448 473 2
443 448 2
64 341 2
169 251 2
397 477 2
114 230 2
109 124 2
48 49 2
338 351 2
82 352 2
138 479 2
160 195 2
285 341 2
67 344 2
41 205 2
267 340 2
75 93 2
264 309 2
71 230 2
235 236 2
30 440 2
340 384 2
175 327 2
54 199 2
64 194 2
94 330 2
257 450 2
59 114 2
201 317 2
139 323 2
36 317 2
82 328 2
202 368 2
115 312 2
252 304 2
64 198 2
5 416 2
64 112 2
121 454 2
53 454 2
362 488 2
169 339 2
79 314 2
32 82 2
273 421 2
23 238 2
316 439 2
38 161 2
202 227 2
143 233 2
144 190 2
48 80 2
200 233 2
87 494 2
43 387 2
395 473 2
115 396 2
1 334 2
167 272 2
138 427 2
23 160 2
42 63 2
44 89 2
107 487 2
260 300 2
60 99 2
278 486 2
273 396 2
352 427 2
120 266 2
109 205 2
122 240 2
321 394 2
138 393 2
178 351 2
166 307 2
366 376 2
212 415 2
206 418 2
135 262 2
329 373 2
197 347 2
223 494 2
179 250 2
204 452 2
67 448 2
134 235 2
108 179 2
6 26 2
219 406 2
88 212 2
137 453 2
94 354 2
346 456 2
372 462 2
59 66 2
14 191 2
185 456 2
28 250 2
230 476 2
269 362 2
50 460 2
78 164 2
38 247 2
26 425 2
234 300 2
74 408 2
4 189 2
258 389 2
125 303 2
155 212 2
27 185 2
166 397 2
6 250 2
258 414 2
250 370 2
117 453 2
56 64 2
319 443 2
260 405 2
24 323 2
145 372 2
241 268 2
454 473 2
270 307 2
130 365 2
300 370 2
76 159 2
27 382 2
242 387 2
17 450 2
285 327 2
363 369 2
2 366 2
30 232 2
373 482 2
133 260 2
66 110 2
192 313 2
346 425 2
42 186 2
40 373 2
43 436 2
118 269 2
91 424 2
15 309 2
83 152 2
141 421 2
87 266 2
262 421 2
272 304 2
229 438 2
233 471 2
441 465 2
83 340 2
170 427 2
51 400 2
48 199 2
1 338 2
361 372 2
115 306 2
149 398 2
77 379 2
123 142 2
61 297 2
426 447 2
213 267 2
189 224 2
133 441 2
48 271 2
35 300 2
271 302 2
406 476 2
41 178 2
65 474 2
199 268 2
261 270 2
191 338 2
226 348 2
15 452 2
373 437 2
50 222 2
322 373 2
7 10 2
466 487 2
149 439 2
258 392 2
45 381 2
236 273 2
216 423 2
73 336 2
125 452 2
42 58 2
136 500 2
145 290 2
462 468 2
68 132 2
43 182 2
300 479 2
160 295 2
223 338 2
336 407 2
152 331 2
238 409 2
151 301 2
50 463 2
94 169 2
392 447 2
167 410 2
20 256 2
57 125 2
28 225 2
118 222 2
367 396 2
27 476 2
260 285 2
84 387 2
83 106 2
128 367 2
228 247 2
231 305 2
245 388 2
105 121 2
13 364 2
213 392 2
321 361 2
89 389 2
138 143 2
52 335 2
411 445 2
256 433 2
278 292 2
166 209 2
332 466 2
108 480 2
53 465 2
110 498 2
101 477 2
378 413 2
238 458 2
321 402 2
17 354 2
125 151 2
256 331 2
219 248 2
372 391 2
311 329 2
149 253 2
305 378 2
91 305 2
240 384 2
158 386 2
112 359 2
86 136 2
366 397 2
72 290 2
448 500 2
33 222 2
30 37 2
270 288 2
160 368 2
383 404 2
149 251 2
72 249 2
200 227 2
26 172 2
127 189 2
62 496 2
256 391 2
201 497 2
251 298 2
291 474 2
335 406 2
102 256 2
266 339 2
305 319 2
100 484 2
241 419 2
17 267 2
35 440 2
17 316 2
5 53 2
63 131 2
158 472 2
466 493 2
280 291 2
314 499 2
124 299 2
290 405 2
79 333 2
376 492 2
42 116 2
249 317 2
433 456 2
143 469 2
117 129 2
42 137 2
30 73 2
1 52 2
105 490 2
149 219 2
171 415 2
202 298 2
113 285 2
303 310 2
179 352 2
143 378 2
191 439 2
125 342 2
29 51 2
47 455 2
22 117 2
200 212 2
258 260 2
7 393 2
374 406 2
182 437 2
409 484 2
84 301 2
392 456 2
100 163 2
122 428 2
392 415 2
314 361 2
161 204 2
4 394 2
194 468 2
271 377 2
47 479 2
428 449 2
364 457 2
313 363 2
250 375 2
63 161 2
42 106 2
136 140 2
231 351 2
103 207 2
307 436 2
287 358 2
355 384 2
46 175 2
249 357 2
156 490 2
134 450 2
70 271 2
126 171 2
168 264 2
11 182 2
81 150 2
238 494 2
136 235 2
256 392 2
340 356 2
308 365 2
144 164 2
128 316 2
156 371 2
105 460 2
35 284 2
71 249 2
243 498 2
287 487 2
369 463 2
1 21 2
12 334 2
2 128 2
107 148 2
115 288 2
55 160 2
416 423 2
106 472 2
385 432 2
81 347 2
56 237 2
95 332 2
70 436 2
158 343 2
123 164 2
88 386 2
419 484 2
52 306 2
364 480 2
17 238 2
329 384 2
118 417 2
371 482 2
315 440 2
400 476 2
411 440 2
61 326 2
319 476 2
270 387 2
162 452 2
97 379 2
46 102 2
222 263 2
185 284 2
80 301 2
149 304 2
97 297 2
44 72 2
3 44 2
125 286 2
200 251 2
258 290 2
186 318 2
286 500 2
165 428 2
174 483 2
184 206 2
164 359 2
159 342 2
238 389 2
205 416 2
234 405 2
178 180 2
353 482 2
118 385 2
59 190 2
48 195 2
130 346 2
225 245 2
457 459 2
211 346 2
128 374 2
148 323 2
161 231 2
124 414 2
185 334 2
31 77 2
333 457 2
390 399 2
153 222 2
265 378 2
287 459 2
81 460 2
347 424 2
201 432 2
459 470 2
153 164 2
184 294 2
72 279 2
115 298 2
263 485 2
125 353 2
5 34 2
56 496 2
179 477 2
421 454 2
176 496 2
211 217 2
47 125 2
175 176 2
175 223 2
293 316 2
95 415 2
15 193 2
150 460 2
423 479 2
346 423 2
247 320 2
37 386 2
110 450 2
41 244 2
140 148 2
457 489 2
167 494 2
7 358 2
232 258 2
220 338 2
282 430 2
76 218 2
301 490 2
92 333 2
128 257 2
241 304 2
71 383 2
3 390 2
105 155 2
160 392 2
281 286 2
47 387 2
262 343 2
279 464 2
209 215 2
194 270 2
124 325 2
35 286 2
235 467 2
40 294 2
19 269 2
45 203 2
175 369 2
167 478 2
164 345 2
71 133 2
66 319 2
124 247 2
12 256 2
426 454 2
16 473 2
16 61 2
195 281 2
286 380 2
106 279 2
147 231 2
445 456 2
278 316 2
47 305 2
51 104 2
225 371 2
39 427 2
452 456 2
232 323 2
222 401 2
144 315 2
126 412 2
178 352 2
273 390 2
60 354 2
305 440 2
9 499 2
465 474 2
31 197 2
43 273 2
50 252 2
37 495 2
242 451 2
220 243 2
112 310 2
381 404 2
206 493 2
87 423 2
302 417 2
249 294 2
226 269 2
109 253 2
24 62 2
217 391 2
333 342 2
58 234 2
77 455 2
240 346 2
346 489 2
57 264 2
48 416 2
50 274 2
295 452 2
178 257 2
280 404 2
174 379 2
35 374 2
145 373 2
434 462 2
119 279 2
189 481 2
68 209 2
158 450 2
203 262 2
121 475 2
217 364 2
318 380 2
58 281 2
259 398 2
337 404 2
122 260 2
84 399 2
321 362 2
68 203 2
66 425 2
160 431 2
31 204 2
93 120 2
48 309 2
152 384 2
128 404 2
135 254 2
21 302 2
34 424 2
37 147 2
275 431 2
187 294 2
1 304 2
64 417 2
6 198 2
196 483 2
232 379 2
239 444 2
149 173 2
248 312 2
134 425 2
332 465 2
51 110 2
290 452 2
170 222 2
403 471 2
76 347 2
179 415 2
36 451 2
31 374 2
49 202 2
103 341 2
297 325 2
408 473 2
277 431 2
114 205 2
70 261 2
116 404 2
432 488 2
347 488 2
234 263 2
184 381 2
56 295 2
154 204 2
395 495 2
13 387 2
43 248 2
97 208 2
208 353 2
312 357 2
103 133 2
351 376 2
5 174 2
161 389 2
260 446 2
167 326 2
312 344 2
56 483 2
141 248 2
14 497 2
254 256 2
104 210 2
220 278 2
430 462 2
101 374 2
358 431 2
80 447 2
214 494 2
19 407 2
138 419 2
216 336 2
141 258 2
313 376 2
3 450 2
31 267 2
267 297 2
136 148 2
235 485 2
193 443 2
385 420 2
159 213 2
58 287 2
115 418 2
40 336 2
70 86 2
120 255 2
43 480 2
49 348 2
62 375 2
291 328 2
70 110 2
8 169 2
4 174 2
131 457 2
106 371 2
144 384 2
240 414 2
131 398 2
99 357 2
240 282 2
29 470 2
129 424 2
140 448 2
189 424 2
64 104 2
154 180 2
71 143 2
13 252 2
34 44 2
118 457 2
167 394 2
1 247 2
50 61 2
24 51 2
80 370 2
188 197 2
18 199 2
43 87 2
88 161 2
438 495 2
181 433 2
269 460 2
322 456 2
434 494 2
24 69 2
53 344 2
233 249 2
170 279 2
158 193 2
336 438 2
450 451 2
133 152 2
248 352 2
267 470 2
142 296 2
416 472 2
44 465 2
454 493 2
219 434 2
176 391 2
2 108 2
4 458 2
119 470 2
1 58 2
42 118 2
32 77 2
102 443 2
291 441 2
175 499 2
242 485 2
119 242 2
50 237 2
434 500 2
65 72 2
274 356 2
270 394 2
132 135 2
150 234 2
82 284 2
158 197 2
186 426 2
89 363 2
170 380 2
207 460 2
167 476 2
119 386 2
340 460 2
10 115 2
30 155 2
93 379 2
354 383 2
141 284 2
272 299 2
198 376 2
104 461 2
19 452 2
80 337 2
42 374 2
311 352 2
25 445 2
350 408 2
127 328 2
54 441 2
104 428 2
6 341 2
9 418 2
351 490 2
180 286 2
69 230 2
85 227 2
322 499 2
84 286 2
216 375 2
191 341 2
65 164 2
214 485 2
223 440 2
126 289 2
51 149 2
26 100 2
10 91 2
142 205 2
21 445 2
41 162 2
11 328 2
418 477 2
172 284 2
163 408 2
146 350 2
210 302 2
52 212 2
220 292 2
137 290 2
250 271 2
50 500 2
79 376 2
150 435 2
180 381 2
108 208 2
226 485 2
78 302 2
245 312 2
185 328 2
167 481 2
165 251 2
216 331 2
231 318 2
309 321 2
2 7 2
152 311 2
40 43 2
241 334 2
123 440 2
334 360 2
55 491 2
77 236 2
14 18 2
31 482 2
248 373 2
48 396 2
171 372 2
305 350 2
298 475 2
48 305 2
100 384 2
166 236 2
24 175 2
81 470 2
239 372 2
117 166 2
95 99 2
194 452 2
143 370 2
13 400 2
151 228 2
4 362 2
16 149 2
262 468 2
19 106 2
232 418 2
13 193 2
413 422 2
325 358 2
102 150 2
447 481 2
6 19 2
2 151 2
57 197 2
283 392 2
158 239 2
56 203 2
356 483 2
185 313 2
205 259 2
341 375 2
391 405 2
250 414 2
333 452 2
77 287 2
47 308 2
63 308 2
166 412 2
6 153 2
122 249 2
111 250 2
270 303 2
134 296 2
167 207 2
70 324 2
251 416 2
236 357 2
90 451 2
91 448 2
20 79 2
66 190 2
320 384 2
41 69 2
6 275 2
303 493 2
2 161 2
142 151 2
90 486 2
91 415 2
282 494 2
235 372 2
53 304 2
55 408 2
27 303 2
140 159 2
86 414 2
157 396 2
361 387 2
325 454 2
164 281 2
293 438 2
190 341 2
120 284 2
204 337 2
73 309 2
59 419 2
206 273 2
114 430 2
99 287 2
12 301 2
284 291 2
33 166 2
242 346 2
203 333 2
17 350 2
274 419 2
250 346 2
18 468 2
15 281 2
319 444 2
148 482 2
265 457 2
120 168 2
141 391 2
288 384 2
435 438 2
30 260 2
123 185 2
11 92 2
3 384 2
54 462 2
81 244 2
78 476 2
200 285 2
373 444 2
63 283 2
444 449 2
67 297 2
284 486 2
42 124 2
7 353 2
133 196 2
289 386 2
166 498 2
71 303 2
104 449 2
329 409 2
71 196 2
265 350 2
96 134 2
127 415 2
147 169 2
185 491 2
106 497 2
169 365 2
117 301 2
164 306 2
114 119 2
389 488 2
206 259 2
347 413 2
54 227 2
271 324 2
173 402 2
138 213 2
40 56 2
150 161 2
157 235 2
311 489 2
270 499 2
131 192 2
10 484 2
26 122 2
245 262 2
215 298 2
63 370 2
432 457 2
63 128 2
421 445 2
403 497 2
127 271 2
143 394 2
300 365 2
1 223 2
1 4 2
251 473 2
127 308 2
37 268 2
14 165 2
89 144 2
333 424 2
343 469 2
9 206 2
447 468 2
482 490 2
36 87 2
367 444 2
121 468 2
28 306 2
169 292 2
76 156 2
221 295 2
367 484 2
7 376 2
52 134 2
207 252 2
43 400 2
434 440 2
163 357 2
301 304 2
45 242 2
194 286 2
181 190 2
44 491 2
189 313 2
110 489 2
93 152 2
94 112 2
328 433 2
41 416 2
149 197 2
163 349 2
418 494 2
104 395 2
193 344 2
202 362 2
344 409 2
169 346 2
39 154 2
41 268 2
267 463 2
111 223 2
117 264 2
129 139 2
60 364 2
110 151 2
174 358 2
51 408 2
467 490 2
396 495 2
151 283 2
218 346 2
178 371 2
404 466 2
99 109 2
340 399 2
109 407 2
327 354 2
236 356 2
11 312 2
125 487 2
157 435 2
413 439 2
238 327 2
405 498 2
220 466 2
444 452 2
316 493 2
151 359 2
14 75 2
242 371 2
111 410 2
107 147 2
280 326 2
72 457 2
166 206 2
197 395 2
190 197 2
33 484 2
319 423 2
372 497 2
116 197 2
18 204 2
37 239 2
47 96 2
294 329 2
159 467 2
125 269 2
67 127 2
92 449 2
197 346 2
55 231 2
176 411 2
148 493 2
257 387 2
55 176 2
144 243 2
82 403 2
272 363 2
208 321 2
30 415 2
181 354 2
43 77 2
30 86 2
202 399 2
218 320 2
7 141 2
173 223 2
370 480 2
115 170 2
204 231 2
303 497 2
153 348 2
42 187 2
166 479 2
134 335 2
332 380 2
157 416 2
42 161 2
113 162 2
75 423 2
34 435 2
104 218 2
378 382 2
89 432 2
28 385 2
80 239 2
16 400 2
91 236 2
150 405 2
147 217 2
68 330 2
242 337 2
58 347 2
262 365 2
143 282 2
18 394 2
318 441 2
122 492 2
67 407 2
207 466 2
180 319 2
306 319 2
309 433 2
69 413 2
267 378 2
202 211 2
72 356 2
2 114 2
22 278 2
367 375 2
226 425 2
29 432 2
309 487 2
75 455 2
218 461 2
5 298 2
220 362 2
25 484 2
274 286 2
12 464 2
195 368 2
10 343 2
161 366 2
75 212 2
174 409 2
189 281 2
101 442 2
36 474 2
286 307 2
115 476 2
429 432 2
355 398 2
71 458 2
258 370 2
263 331 2
404 438 2
25 76 2
192 251 2
53 342 2
70 287 2
327 488 2
166 171 2
331 397 2
29 80 2
58 60 2
73 355 2
175 479 2
254 328 2
357 414 2
144 291 2
152 267 2
315 355 2
220 403 2
261 470 2
335 442 2
174 202 2
277 402 2
254 486 2
345 416 2
183 345 2
185 381 2
20 169 2
17 21 2
74 437 2
135 225 2
174 446 2
79 260 2
372 392 2
211 383 2
209 270 2
407 455 2
30 411 2
290 487 2
170 242 2
286 429 2
57 248 2
156 480 2
33 491 2
380 464 2
113 492 2
29 157 2
259 364 2
135 486 2
306 354 2
139 401 2
122 334 2
367 394 2
272 481 2
181 400 2
142 477 2
146 402 2
167 463 2
339 430 2
66 418 2
197 344 2
145 360 2
79 258 2
256 404 2
55 393 2
127 372 2
197 293 2
161 358 2
1 386 2
39 378 2
52 331 2
144 173 2
52 462 2
156 297 2
187 213 2
123 200 2
266 369 2
326 379 2
149 296 2
189 316 2
269 365 2
6 289 2
238 495 2
375 452 2
32 225 2
238 404 2
14 185 2
327 420 2
294 392 2
124 424 2
128 173 2
149 490 2
243 298 2
144 263 2
205 389 2
288 470 2
40 128 2
111 127 2
432 443 2
355 484 2
353 394 2
250 315 2
12 247 2
172 183 2
74 193 2
353 364 2
321 492 2
81 205 2
144 449 2
213 456 2
195 386 2
131 204 2
360 455 2
108 136 2
130 472 2
341 419 2
84 186 2
29 33 2
35 172 2
40 483 2
46 426 2
220 448 2
101 478 2
3 421 2
287 416 2
221 228 2
128 339 2
370 394 2
182 194 2
195 432 2
227 266 2
147 247 2
14 462 2
89 214 2
10 35 2
165 443 2
218 394 2
19 487 2
55 342 2
180 237 2
79 358 2
177 348 2
323 361 2
4 166 2
92 153 2
186 219 2
250 441 2
226 372 2
115 472 2
212 490 2
82 248 2
105 462 2
169 286 2
43 408 2
31 439 2
101 382 2
231 420 2
39 331 2
97 171 2
321 488 2
347 500 2
14 88 2
19 140 2
114 248 2
250 429 2
232 455 2
257 487 2
81 152 2
86 423 2
340 450 2
80 364 2
60 450 2
252 435 2
295 321 2
293 413 2
139 355 2
33 473 2
278 485 2
263 445 2
39 310 2
136 284 2
244 468 2
152 178 2
99 455 2
156 411 2
70 193 2
78 83 2
209 312 2
112 143 2
35 241 2
53 367 2
95 449 2
163 344 2
36 80 2
57 106 2
6 237 2
241 300 2
61 251 2
118 228 2
167 408 2
45 340 2
41 329 2
85 174 2
141 407 2
195 247 2
253 487 2
121 175 2
259 399 2
432 492 2
217 338 2
12 180 2
299 421 2
178 247 2
302 474 2
14 261 2
141 195 2
39 189 2
175 263 2
239 283 2
178 414 2
314 334 2
160 253 2
57 333 2
91 212 2
366 451 2
378 418 2
193 417 2
34 137 2
60 386 2
89 224 2
245 403 2
468 469 2
5 73 2
217 496 2
260 479 2
89 366 2
80 84 2
103 369 2
138 422 2
5 354 2
132 479 2
16 242 2
132 271 2
430 441 2
181 269 2
200 486 2
174 413 2
185 246 2
73 165 2
265 275 2
168 185 2
306 389 2
382 446 2
77 269 2
234 378 2
403 500 2
34 62 2
229 259 2
26 112 2
147 172 2
360 462 2
137 336 2
174 316 2
218 477 2
67 376 2
80 303 2
212 433 2
62 168 2
289 482 2
182 446 2
104 352 2
223 408 2
28 368 2
270 342 2
6 342 2
185 349 2
169 341 2
22 93 2
67 189 2
341 483 2
25 100 2
9 354 2
380 474 2
55 215 2
50 481 2
2 377 2
474 492 2
198 287 2
3 323 2
81 327 2
118 210 2
91 116 2
246 338 2
298 466 2
25 112 2
91 387 2
32 253 2
2 72 2
210 216 2
96 494 2
248 431 2
142 342 2
41 485 2
372 448 2
47 171 2
456 473 2
175 266 2
128 152 2
128 454 2
190 488 2
234 253 2
365 484 2
194 412 2
107 207 2
97 122 2
120 175 2
322 368 2
205 285 2
324 416 2
355 491 2
103 135 2
290 322 2
125 444 2
164 342 2
148 496 2
66 219 2
24 252 2
70 260 2
171 369 2
5 228 2
53 403 2
22 274 2
26 214 2
38 94 2
159 252 2
429 470 2
206 255 2
292 418 2
100 478 2
153 321 2
96 148 2
83 286 2
138 244 2
197 426 2
46 408 2
195 333 2
171 336 2
257 270 2
8 85 2
316 397 2
383 443 2
3 495 2
20 33 2
177 179 2
55 137 2
67 330 2
92 188 2
179 309 2
426 491 2
28 217 2
244 422 2
36 439 2
128 319 2
378 385 2
415 468 2
221 225 2
355 422 2
111 383 2
79 472 2
127 186 2
231 445 2
89 135 2
25 50 2
307 379 2
17 229 2
384 438 2
135 138 2
195 196 2
158 188 2
67 264 2
15 184 2
403 467 2
83 151 2
26 405 2
363 388 2
180 274 2
194 207 2
193 485 2
402 463 2
145 151 2
139 331 2
145 446 2
352 483 2
45 59 2
201 234 2
91 328 2
264 300 2
10 139 2
40 127 2
276 394 2
119 205 2
219 268 2
6 195 2
164 463 2
160 356 2
45 162 2
120 499 2
92 160 2
138 190 2
73 371 2
23 145 2
200 453 2
209 381 2
31 382 2
89 99 2
115 487 2
22 407 2
282 420 2
328 354 2
6 57 2
97 266 2
84 264 2
169 288 2
323 333 2
59 277 2
8 403 2
6 360 2
9 189 2
390 431 2
107 295 2
311 322 2
98 386 2
69 418 2
12 243 2
104 122 2
182 235 2
48 257 2
366 494 2
172 174 2
164 205 2
180 499 2
175 297 2
13 67 2
115 253 2
12 437 2
176 243 2
294 490 2
107 489 2
156 294 2
333 433 2
197 315 2
218 435 2
150 293 2
37 373 2
122 348 2
239 253 2
18 120 2
144 391 2
39 248 2
352 379 2
166 231 2
142 206 2
203 248 2
34 111 2
157 437 2
6 35 2
159 275 2
336 340 2
97 232 2
167 304 2
125 466 2
233 255 2
13 23 2
74 250 2
100 495 2
222 470 2
97 148 2
139 436 2
3 399 2
198 424 2
3 70 2
193 254 2
76 94 2
42 406 2
60 291 2
200 387 2
57 69 2
234 394 2
127 261 2
334 369 2
33 232 2
278 402 2
197 470 2
317 442 2
451 470 2
45 222 2
14 311 2
234 398 2
58 150 2
37 111 2
103 359 2
121 308 2
135 320 2
86 208 2
207 209 2
6 36 2
107 284 2
144 253 2
218 430 2
125 222 2
74 222 2
199 414 2
247 399 2
304 309 2
271 304 2
171 215 2
321 335 2
163 269 2
349 366 2
283 383 2
219 457 2
188 306 2
44 468 2
237 426 2
70 262 2
185 270 2
131 317 2
38 475 2
6 382 2
103 164 2
434 455 2
310 427 2
198 481 2
299 304 2
256 397 2
267 472 2
425 462 2
184 282 2
32 367 2
10 107 2
101 454 2
350 489 2
102 115 2
413 423 2
27 127 2
218 261 2
286 349 2
41 359 2
39 47 2
107 243 2
65 410 2
287 443 2
185 397 2
158 222 2
152 333 2
184 387 2
81 107 2
103 387 2
209 493 2
21 383 2
193 442 2
32 438 2
201 243 2
368 384 2
303 451 2
62 477 2
287 376 2
298 358 2
55 434 2
74 325 2
30 379 2
253 277 2
122 435 2
219 374 2
66 373 2
20 42 2
393 473 2
257 350 2
9 454 2
215 365 2
15 430 2
133 192 2
12 72 2
164 217 2
292 321 2
67 139 2
298 417 2
377 458 2
34 66 2
130 292 2
24 196 2
311 331 2
373 413 2
44 399 2
330 346 2
76 353 2
55 97 2
17 71 2
211 336 2
90 142 2
206 372 2
4 70 2
380 471 2
289 456 2
406 460 2
198 441 2
428 491 2
364 418 2
64 135 2
200 225 2
9 293 2
352 448 2
222 440 2
11 377 2
126 316 2
13 126 2
252 344 2
77 317 2
253 293 2
5 225 2
37 174 2
147 381 2
134 216 2
442 492 2
122 150 2
32 392 2
147 466 2
37 271 2
261 412 2
118 390 2
93 417 2
65 100 2
99 349 2
103 494 2
58 240 2
140 346 2
295 332 2
202 290 2
216 386 2
176 262 2
1 189 2
229 280 2
124 212 2
18 236 2
254 491 2
43 457 2
349 409 2
419 430 2
315 471 2
10 493 2
126 348 2
230 416 2
147 301 2
308 459 2
288 289 2
344 362 2
259 294 2
201 467 2
186 436 2
202 330 2
137 415 2
181 226 2
165 288 2
31 50 2
288 333 2
255 480 2
289 437 2
208 411 2
114 303 2
32 416 2
446 468 2
185 327 2
131 466 2
97 173 2
72 139 2
30 424 2
282 313 2
428 467 2
441 475 2
174 345 2
356 372 2
195 356 2
231 307 2
115 371 2
184 497 2
132 490 2
100 344 2
17 374 2
172 319 2
225 384 2
83 191 2
248 360 2
187 292 2
31 256 2
137 355 2
20 163 2
253 263 2
175 256 2
1 173 2
198 475 2
18 296 2
183 212 2
327 432 2
26 132 2
5 29 2
180 295 2
273 290 2
234 258 2
38 124 2
39 370 2
72 274 2
16 123 2
432 451 2
43 447 2
45 185 2
327 342 2
339 464 2
308 320 2
399 484 2
237 325 2
215 408 2
264 324 2
199 202 2
261 450 2
10 236 2
191 350 2
306 353 2
165 431 2
1 327 2
288 445 2
216 258 2
456 478 2
192 218 2
139 475 2
12 127 2
137 327 2
278 285 2
192 278 2
196 481 2
335 451 2
166 345 2
188 222 2
281 350 2
315 384 2
45 445 2
225 322 2
15 76 2
236 395 2
291 358 2
258 429 2
92 407 2
99 194 2
219 342 2
23 186 2
107 195 2
108 432 2
238 482 2
271 320 2
118 337 2
161 183 2
388 492 2
24 445 2
2 255 2
303 327 2
4 363 2
206 390 2
63 453 2
115 447 2
276 453 2
65 219 2
107 393 2
62 206 2
231 347 2
23 393 2
330 415 2
146 221 2
238 498 2
60 315 2
72 296 2
261 278 2
186 499 2
282 398 2
198 275 2
2 191 2
7 177 2
239 330 2
260 290 2
224 297 2
161 378 2
227 451 2
124 377 2
1 258 2
35 355 2
29 217 2
155 197 2
144 264 2
8 54 2
238 331 2
231 332 2
190 334 2
74 144 2
39 264 2
113 349 2
200 353 2
104 367 2
5 184 2
385 392 2
100 380 2
118 220 2
225 390 2
329 448 2
12 297 2
149 456 2
155 403 2
28 374 2
362 419 2
111 341 2
310 439 2
402 447 2
401 479 2
118 410 2
47 309 2
102 469 2
66 396 2
341 410 2
241 462 2
92 230 2
46 330 2
39 172 2
370 473 2
62 154 2
284 446 2
148 185 2
7 291 2
268 339 2
197 403 2
193 312 2
208 355 2
122 165 2
59 268 2
271 388 2
75 375 2
331 428 2
172 377 2
65 215 2
74 488 2
44 123 2
206 460 2
131 314 2
130 311 2
111 415 2
168 281 2
167 300 2
162 290 2
208 434 2
111 370 2
90 112 2
164 329 2
208 445 2
41 245 2
95 419 2
63 141 2
65 237 2
218 443 2
166 284 2
49 373 2
143 279 2
172 459 2
40 414 2
88 197 2
190 438 2
237 239 2
96 437 2
129 288 2
250 444 2
98 118 2
205 326 2
124 469 2
338 340 2
208 427 2
63 117 2
379 384 2
126 205 2
73 312 2
8 90 2
5 20 2
309 447 2
38 450 2
121 340 2
287 303 2
175 484 2
339 413 2
354 449 2
419 435 2
155 157 2
117 397 2
171 296 2
91 409 2
151 246 2
180 361 2
61 415 2
102 165 2
248 413 2
54 360 2
80 461 2
127 323 2
301 452 2
138 398 2
179 447 2
6 170 2
220 347 2
120 304 2
166 218 2
8 190 2
273 351 2
239 445 2
274 389 2
198 438 2
77 361 2
13 357 2
148 383 2
311 444 2
331 459 2
74 240 2
190 463 2
294 303 2
403 405 2
10 385 2
38 286 2
203 253 2
166 486 2
34 441 2
292 395 2
49 281 2
29 171 2
35 330 2
197 230 2
429 488 2
175 230 2
185 373 2
95 312 2
51 254 2
54 419 2
256 289 2
336 365 2
310 434 2
95 242 2
92 121 2
250 474 2
279 414 2
40 213 2
30 307 2
85 313 2
65 436 2
221 368 2
213 289 2
84 235 2
270 335 2
50 195 2
131 395 2
91 455 2
201 440 2
288 452 2
66 452 2
306 497 2
485 495 2
8 112 2
248 273 2
49 132 2
69 155 2
58 495 2
21 215 2
18 134 2
415 452 2
242 290 2
375 443 2
43 304 2
42 427 2
103 132 2
67 393 2
60 448 2
219 321 2
205 327 2
204 216 2
27 97 2
450 460 2
17 346 2
305 475 2
138 316 2
9 239 2
141 194 2
166 362 2
133 169 2
283 388 2
116 429 2
209 235 2
156 182 2
335 439 2
22 92 2
95 274 2
273 413 2
210 340 2
288 414 2
45 459 2
97 117 2
58 481 2
198 256 2
28 259 2
31 397 2
343 375 2
44 107 2
54 393 2
35 246 2
266 448 2
322 354 2
44 175 2
317 352 2
248 472 2
52 71 2
248 356 2
43 82 2
315 339 2
396 424 2
99 353 2
146 425 2
243 278 2
112 208 2
374 396 2
404 427 2
8 333 2
164 379 2
180 191 2
196 265 2
285 410 2
305 327 2
26 329 2
313 423 2
309 464 2
38 271 2
205 216 2
106 205 2
93 101 2
2 433 2
69 495 2
256 467 2
403 458 2
65 303 2
55 56 2
275 288 2
218 326 2
146 293 2
361 458 2
328 462 2
69 417 2
92 480 2
32 311 2
316 494 2
361 460 2
161 491 2
289 384 2
21 469 2
81 235 2
216 324 2
310 366 2
214 488 2
106 463 2
6 398 2
56 72 2
90 356 2
33 382 2
332 494 2
31 393 2
314 352 2
116 174 2
63 434 2
162 187 2
168 187 2
129 203 2
102 472 2
45 81 2
386 389 2
77 136 2
51 348 2
190 218 2
92 261 2
468 488 2
209 446 2
15 77 2
91 278 2
186 346 2
42 336 2
278 493 2
25 423 2
220 250 2
15 295 2
104 322 2
124 372 2
251 456 2
165 252 2
26 330 2
378 395 2
222 432 2
96 215 2
9 25 2
35 155 2
275 395 2
153 261 2
37 39 2
264 303 2
16 141 2
59 92 2
335 491 2
210 293 2
113 496 2
90 444 2
337 398 2
32 127 2
173 343 2
146 244 2
330 443 2
207 495 2
13 32 2
256 462 2
95 373 2
127 367 2
210 274 2
1 303 2
148 199 2
14 129 2
147 429 2
68 303 2
3 102 2
142 232 2
77 220 2
238 329 2
94 433 2
200 207 2
141 306 2
314 403 2
157 318 2
439 481 2
330 361 2
273 376 2
226 354 2
165 230 2
89 309 2
5 7 2
62 445 2
168 273 2
159 274 2
72 268 2
241 340 2
164 449 2
187 320 2
80 317 2
107 416 2
98 479 2
112 498 2
392 438 2
187 290 2
80 287 2
63 353 2
253 320 2
86 298 2
243 369 2
120 152 2
25 78 2
72 490 2
2 236 2
384 451 2
36 398 2
51 92 2
304 367 2
104 259 2
205 208 2
376 476 2
175 449 2
82 124 2
154 397 2
370 482 2
152 414 2
274 302 2
23 252 2
68 129 2
247 437 2
31 484 2
55 293 2
301 413 2
297 417 2
52 59 2
233 482 2
1 277 2
20 309 2
354 407 2
329 488 2
254 451 2
94 473 2
135 412 2
397 448 2
338 387 2
75 100 2
218 236 2
247 444 2
423 488 2
80 472 2
349 445 2
176 494 2
126 192 2
189 470 2
248 474 2
194 399 2
171 422 2
17 94 2
312 441 2
288 491 2
145 323 2
277 328 2
109 114 2
124 468 2
77 303 2
41 384 2
342 403 2
42 145 2
391 466 2
211 272 2
22 28 2
26 359 2
7 8 2
125 493 2
281 421 2
128 461 2
85 398 2
50 326 2
197 228 2
115 278 2
225 257 2
147 453 2
103 455 2
308 489 2
184 261 2
19 345 2
30 301 2
254 322 2
391 404 2
217 493 2
87 145 2
2 431 2
82 88 2
74 272 2
285 469 2
223 281 2
310 334 2
296 392 2
342 348 2
306 339 2
35 173 2
63 312 2
281 489 2
192 306 2
404 449 2
126 335 2
248 412 2
181 423 2
327 469 2
26 335 2
99 366 2
16 175 2
170 384 2
291 329 2
25 41 2
174 189 2
52 330 2
103 217 2
24 277 2
12 429 2
154 385 2
57 387 2
343 471 2
102 184 2
326 330 2
339 351 2
306 311 2
216 259 2
248 387 2
160 254 2
454 479 2
62 284 2
306 365 2
285 450 2
189 244 2
116 356 2
342 445 2
139 466 2
207 254 2
4 46 2
40 428 2
6 47 2
48 359 2
366 445 2
62 352 2
151 335 2
193 196 2
182 332 2
81 180 2
17 296 2
62 231 2
128 375 2
400 447 2
25 133 2
110 402 2
199 283 2
118 273 2
270 500 2
446 456 2
75 400 2
311 451 2
161 419 2
168 417 2
224 448 2
363 465 2
48 482 2
156 245 2
367 377 2
65 488 2
48 66 2
243 328 2
150 492 2
100 125 2
435 489 2
158 216 2
258 468 2
88 321 2
314 454 2
21 327 2
156 397 2
160 398 2
79 95 2
73 469 2
147 179 2
53 341 2
75 203 2
293 314 2
21 238 2
372 500 2
5 68 2
105 276 2
281 439 2
33 153 2
83 350 2
402 432 2
191 366 2
314 383 2
142 396 2
356 441 2
258 294 2
62 229 2
29 195 2
179 335 2
121 483 2
67 354 2
270 439 2
25 47 2
130 390 2
221 499 2
401 451 2
1 63 2
255 322 2
192 395 2
179 493 2
356 430 2
183 224 2
135 483 2
117 402 2
2 148 2
307 415 2
184 192 2
382 399 2
269 438 2
108 214 2
173 373 2
67 117 2
472 498 2
141 169 2
15 297 2
153 444 2
83 377 2
134 382 2
37 347 2
50 440 2
125 187 2
110 380 2
65 260 2
483 495 2
65 248 2
94 414 2
43 328 2
84 350 2
205 281 2
103 177 2
37 170 2
126 470 2
271 394 2
161 242 2
280 439 2
203 257 2
93 370 2
188 365 2
7 362 2
114 486 2
195 427 2
153 312 2
185 277 2
134 259 2
35 314 2
428 488 2
103 306 2
288 296 2
93 414 2
7 36 2
139 164 2
101 272 2
206 490 2
311 414 2
158 339 2
31 56 2
252 378 2
55 69 2
140 234 2
296 331 2
272 450 2
183 230 2
127 253 2
214 434 2
66 336 2
65 306 2
73 123 2
109 231 2
54 430 2
9 374 2
43 107 2
393 439 2
117 143 2
229 333 2
192 402 2
141 257 2
255 346 2
226 247 2
209 290 2
173 291 2
178 333 2
121 360 2
18 162 2
156 237 2
340 403 2
278 347 2
55 125 2
140 339 2
24 85 2
225 308 2
90 253 2
14 282 2
9 422 2
65 125 2
380 495 2
371 400 2
90 459 2
280 462 2
335 463 2
233 391 2
136 143 2
255 344 2
234 325 2
146 423 2
10 11 2
70 181 2
99 222 2
193 245 2
186 452 2
43 140 2
203 342 2
327 443 2
300 366 2
89 431 2
71 404 2
32 70 2
127 364 2
371 404 2
20 405 2
254 314 2
174 410 2
15 214 2
7 484 2
140 246 2
430 497 2
267 278 2
76 278 2
183 297 2
186 367 2
274 372 2
238 312 2
215 466 2
133 481 2
386 447 2
135 343 2
327 351 2
261 326 2
65 335 2
108 246 2
272 292 2
21 295 2
286 341 2
3 121 2
178 183 2
252 354 2
176 214 2
12 30 2
247 296 2
205 215 2
108 380 2
107 260 2
43 223 2
258 331 2
166 340 2
173 479 2
156 408 2
24 71 2
6 204 2
56 289 2
308 500 2
203 230 2
326 459 2
390 457 2
19 206 2
440 480 2
5 487 2
87 274 2
104 230 2
173 390 2
139 260 2
274 421 2
148 228 2
119 299 2
52 85 2
340 357 2
21 34 2
380 397 2
30 305 2
13 79 2
184 271 2
48 96 2
163 182 2
113 441 2
179 185 2
10 265 2
200 376 2
203 310 2
180 185 2
6 182 2
27 174 2
361 500 2
82 474 2
128 393 2
292 463 2
170 436 2
362 439 2
42 401 2
24 82 2
232 367 2
142 435 2
254 369 2
199 423 2
301 406 2
383 496 2
402 460 2
151 438 2
69 168 2
292 354 2
39 43 2
293 478 2
335 447 2
328 356 2
187 324 2
64 262 2
77 122 2
186 199 2
25 402 2
97 160 2
248 399 2
33 114 2
75 308 2
156 354 2
271 412 2
310 433 2
343 443 2
403 414 2
110 308 2
191 217 2
243 497 2
6 386 2
372 452 2
117 419 2
44 460 2
401 467 2
169 248 2
124 370 2
13 112 2
21 190 2
146 322 2
75 372 2
9 84 2
104 194 2
117 478 2
79 378 2
191 220 2
73 288 2
31 158 2
92 492 2
235 417 2
32 146 2
241 382 2
172 214 2
270 291 2
348 441 2
46 466 2
21 423 2
254 418 2
260 440 2
45 487 2
406 443 2
41 59 2
21 233 2
9 28 2
151 442 2
244 424 2
359 366 2
102 405 2
69 120 2
50 168 2
26 200 2
12 386 2
58 189 2
217 370 2
105 110 2
209 333 2
80 276 2
328 384 2
192 358 2
98 362 2
308 387 2
76 417 2
458 485 2
1 485 2
79 82 2
155 168 2
399 423 2
107 472 2
18 72 2
345 456 2
50 96 2
218 270 2
67 157 2
284 347 2
164 361 2
112 178 2
19 332 2
150 365 2
252 346 2
87 254 2
284 328 2
43 137 2
268 275 2
360 420 2
233 272 2
19 215 2
157 181 2
47 101 2
195 243 2
190 214 2
345 469 2
70 391 2
234 425 2
61 482 2
74 465 2
148 316 2
162 236 2
19 93 2
75 362 2
59 469 2
427 430 2
243 281 2
449 458 2
14 90 2
130 370 2
200 358 2
103 230 2
161 359 2
230 438 2
238 344 2
128 211 2
265 405 2
252 366 2
18 425 2
118 419 2
224 368 2
344 394 2
89 176 2
282 351 2
102 249 2
118 267 2
328 440 2
213 313 2
128 233 2
161 216 2
24 420 2
374 452 2
24 227 2
70 143 2
235 399 2
131 148 2
62 92 2
249 401 2
309 459 2
78 471 2
95 121 2
64 478 2
462 482 2
8 72 2
124 330 2
212 373 2
68 242 2
400 426 2
491 496 2
32 422 2
17 170 2
276 317 2
309 360 2
46 118 2
252 429 2
73 236 2
225 415 2
201 386 2
52 133 2
222 367 2
138 334 2
9 359 2
104 114 2
398 458 2
9 291 2
83 170 2
100 241 2
162 363 2
250 259 2
306 450 2
154 485 2
380 483 2
85 110 2
40 170 2
39 167 2
79 216 2
85 116 2
365 479 2
181 347 2
60 480 2
50 305 2
35 324 2
211 426 2
103 263 2
137 325 2
413 467 2
205 212 2
71 474 2
323 462 2
20 408 2
34 432 2
180 374 2
6 16 2
121 481 2
205 414 2
19 396 2
231 401 2
52 281 2
391 475 2
66 236 2
141 422 2
35 299 2
98 390 2
229 408 2
393 461 2
129 403 2
24 81 2
34 175 2
155 371 2
64 322 2
9 463 2
38 49 2
15 80 2
199 204 2
186 455 2
108 138 2
125 442 2
43 360 2
254 381 2
98 233 2
317 380 2
78 225 2
28 70 2
32 485 2
36 336 2
110 317 2
44 430 2
217 328 2
272 289 2
109 315 2
318 410 2
471 493 2
379 419 2
24 409 2
53 160 2
217 359 2
380 408 2
51 406 2
143 427 2
179 212 2
72 192 2
120 492 2
68 351 2
324 362 2
43 322 2
189 370 2
321 454 2
166 353 2
40 491 2
186 357 2
283 393 2
158 207 2
89 494 2
134 301 2
91 93 2
120 432 2
35 55 2
216 411 2
119 295 2
151 486 2
185 201 2
21 133 2
350 426 2
205 412 2
39 466 2
163 462 2
82 281 2
55 382 2
341 485 2
96 244 2
319 456 2
29 457 2
141 157 2
123 234 2
24 435 2
3 13 2
158 423 2
291 497 2
80 263 2
297 498 2
283 402 2
129 323 2
61 85 2
140 459 2
64 284 2
357 428 2
310 327 2
181 239 2
402 454 2
24 93 2
208 235 2
342 470 2
25 443 2
209 392 2
47 151 2
444 468 2
42 416 2
76 491 2
147 242 2
131 140 2
294 302 2
171 173 2
11 88 2
397 443 2
143 189 2
72 172 2
223 344 2
57 254 2
241 461 2
26 118 2
13 82 2
94 454 2
19 42 2
161 227 2
163 488 2
191 397 2
386 441 2
6 32 2
23 272 2
15 269 2
13 500 2
261 392 2
84 397 2
230 419 2
15 439 2
322 438 2
360 372 2
156 470 2
21 64 2
134 364 2
6 62 2
308 329 2
117 223 2
173 453 2
88 446 2
387 475 2
229 397 2
277 472 2
67 453 2
84 90 2
384 466 2
379 453 2
127 368 2
92 323 2
315 409 2
68 314 2
34 178 2
41 234 2
21 408 2
270 345 2
171 425 2
105 450 2
150 223 2
157 243 2
178 279 2
406 407 2
53 377 2
1 54 2
77 137 2
81 405 2
165 210 2
213 464 2
27 120 2
188 217 2
150 487 2
72 197 2
208 447 2
82 89 2
358 371 2
170 211 2
129 172 2
201 253 2
319 497 2
21 313 2
302 329 2
75 365 2
99 234 2
278 377 2
137 331 2
32 481 2
243 334 2
351 498 2
122 246 2
227 325 2
54 110 2
233 328 2
298 465 2
59 97 2
422 443 2
159 480 2
108 238 2
181 458 2
108 300 2
118 226 2
262 416 2
233 307 2
335 418 2
153 490 2
40 302 2
14 281 2
129 484 2
79 247 2
59 464 2
344 388 2
170 273 2
85 233 2
454 489 2
57 90 2
60 412 2
245 480 2
144 482 2
288 305 2
41 295 2
36 154 2
12 150 2
221 440 2
362 399 2
355 452 2
418 467 2
78 153 2
396 407 2
162 403 2
451 478 2
95 149 2
133 436 2
282 442 2
85 117 2
267 368 2
83 422 2
240 331 2
48 419 2
218 376 2
47 453 2
138 392 2
112 193 2
181 225 2
7 278 2
19 74 2
243 348 2
77 200 2
368 400 2
135 326 2
167 290 2
109 374 2
463 493 2
60 66 2
169 428 2
327 482 2
209 273 2
41 226 2
60 431 2
78 467 2
85 127 2
219 450 2
39 50 2
85 485 2
137 376 2
32 419 2
203 391 2
320 414 2
189 321 2
160 172 2
413 453 2
178 313 2
25 300 2
191 265 2
89 411 2
185 207 2
77 141 2
86 296 2
370 497 2
211 399 2
31 315 2
51 289 2
27 94 2
108 425 2
198 455 2
36 464 2
82 325 2
199 239 2
394 435 2
46 259 2
143 399 2
17 459 2
194 253 2
209 261 2
251 257 2
202 406 2
5 113 2
221 304 2
438 475 2
273 286 2
366 368 2
65 83 2
62 497 2
115 200 2
22 366 2
295 306 2
100 331 2
61 200 2
389 489 2
204 310 2
102 397 2
322 496 2
231 309 2
38 80 2
249 467 2
18 207 2
143 232 2
348 368 2
182 484 2
203 351 2
71 117 2
180 240 2
90 483 2
108 373 2
254 308 2
323 382 2
144 182 2
171 295 2
92 263 2
154 176 2
217 266 2
253 306 2
134 180 2
147 273 2
286 464 2
416 419 2
154 441 2
2 343 2
228 427 2
219 365 2
197 260 2
267 436 2
188 462 2
129 358 2
387 416 2
118 139 2
27 295 2
100 491 2
395 438 2
29 31 2
67 68 2
341 356 2
15 290 2
131 414 2
156 217 2
59 423 2
344 485 2
14 73 2
333 451 2
215 324 2
344 385 2
176 194 2
344 499 2
273 302 2
101 221 2
155 217 2
157 298 2
139 304 2
256 479 2
198 349 2
127 391 2
250 258 2
121 425 2
52 297 2
314 363 2
386 498 2
168 473 2
249 326 2
121 413 2
401 429 2
5 109 2
99 494 2
277 373 2
30 406 2
330 347 2
320 329 2
18 415 2
86 263 2
54 225 2
92 334 2
237 260 2
418 491 2
148 190 2
154 375 2
349 483 2
297 326 2
290 409 2
325 478 2
93 390 2
360 394 2
5 99 2
81 159 2
85 347 2
171 216 2
143 216 2
39 42 2
18 214 2
84 121 2
292 489 2
310 497 2
138 325 2
108 313 2
184 277 2
198 269 2
299 346 2
104 264 2
85 340 2
125 367 2
209 232 2
107 227 2
16 303 2
45 57 2
470 491 2
156 464 2
209 419 2
27 216 2
17 97 2
377 408 2
204 344 2
36 453 2
208 493 2
103 241 2
103 472 2
60 271 2
186 283 2
53 138 2
78 453 2
267 494 2
118 292 2
496 499 2
442 473 2
93 465 2
306 449 2
269 339 2
10 46 2
103 193 2
62 82 2
67 293 2
98 123 2
176 295 2
78 431 2
393 485 2
56 112 2
236 271 2
99 112 2
89 227 2
127 349 2
167 363 2
91 196 2
67 82 2
9 417 2
8 290 2
110 451 2
313 336 2
65 458 2
20 36 2
70 253 2
27 421 2
128 135 2
54 296 2
246 364 2
291 457 2
257 259 2
371 494 2
32 287 2
121 446 2
43 255 2
168 255 2
166 398 2
201 316 2
282 467 2
159 199 2
326 493 2
3 95 2
17 62 2
93 205 2
11 398 2
40 186 2
178 301 2
10 373 2
154 500 2
302 359 2
17 91 2
276 362 2
38 325 2
117 287 2
57 102 2
92 119 2
210 218 2
166 352 2
250 268 2
158 159 2
144 408 2
249 441 2
488 497 2
61 155 2
141 145 2
81 418 2
316 364 2
196 425 2
142 163 2
31 144 2
49 360 2
172 302 2
119 446 2
45 126 2
101 116 2
37 240 2
323 434 2
234 288 2
197 244 2
173 329 2
128 495 2
54 407 2
433 448 2
343 364 2
110 444 2
28 74 2
434 460 2
136 331 2
191 264 2
132 482 2
74 392 2
31 481 2
342 401 2
54 454 2
60 81 2
21 251 2
166 317 2
411 436 2
92 171 2
222 459 2
27 439 2
201 285 2
306 384 2
113 356 2
422 427 2
243 412 2
100 177 2
206 350 2
187 355 2
95 223 2
354 454 2
236 450 2
284 313 2
69 407 2
89 115 2
169 477 2
62 500 2
195 485 2
284 392 2
192 423 2
132 410 2
13 76 2
5 294 2
165 473 2
95 344 2
75 94 2
119 379 2
361 377 2
24 161 2
237 440 2
85 99 2
150 312 2
5 431 2
49 294 2
8 296 2
134 433 2
6 340 2
226 339 2
92 371 2
192 315 2
245 284 2
325 431 2
78 118 2
47 336 2
258 305 2
42 265 2
26 456 2
62 142 2
287 377 2
70 120 2
135 465 2
100 260 2
36 406 2
19 312 2
145 256 2
306 473 2
43 65 2
254 477 2
293 339 2
3 498 2
24 304 2
220 298 2
14 228 2
200 424 2
255 359 2
295 486 2
145 500 2
80 123 2
172 211 2
47 358 2
96 438 2
71 116 2
379 420 2
26 392 2
213 468 2
414 439 2
28 49 2
261 453 2
36 341 2
124 156 2
145 326 2
443 458 2
288 392 2
206 242 2
116 493 2
9 15 2
222 462 2
36 354 2
162 458 2
22 494 2
77 289 2
25 431 2
7 352 2
297 339 2
30 336 2
344 462 2
322 358 2
59 471 2
82 299 2
270 349 2
54 140 2
149 345 2
114 286 2
133 251 2
228 239 2
216 351 2
355 459 2
33 173 2
395 491 2
80 479 2
31 356 2
360 437 2
32 104 2
22 179 2
204 275 2
69 499 2
383 458 2
252 337 2
28 302 2
268 499 2
233 292 2
125 325 2
98 407 2
131 157 2
112 246 2
280 412 2
460 461 2
23 463 2
176 385 2
286 336 2
278 354 2
54 206 2
36 404 2
46 209 2
246 346 2
115 490 2
150 486 2
49 86 2
318 477 2
52 394 2
228 375 2
339 456 2
341 396 2
120 303 2
3 6 2
215 226 2
268 396 2
162 335 2
5 368 2
124 304 2
41 252 2
82 392 2
338 447 2
301 308 2
337 472 2
15 453 2
322 462 2
77 298 2
244 356 2
326 333 2
27 41 2
66 372 2
151 404 2
118 214 2
196 356 2
382 492 2
80 102 2
14 243 2
22 399 2
58 191 2
215 319 2
456 469 2
109 158 2
4 83 2
260 454 2
18 294 2
204 271 2
247 298 2
116 230 2
162 304 2
104 224 2
72 153 2
72 464 2
75 162 2
61 265 2
47 443 2
55 127 2
260 493 2
306 380 2
87 410 2
303 428 2
223 229 2
295 371 2
249 366 2
66 500 2
468 497 2
304 310 2
133 433 2
126 358 2
292 426 2
426 462 2
10 111 2
5 65 2
229 442 2
68 75 2
143 493 2
184 475 2
233 240 2
99 340 2
67 496 2
179 277 2
258 287 2
204 499 2
132 422 2
326 378 2
83 309 2
23 87 2
318 382 2
134 331 2
284 449 2
83 88 2
153 342 2
7 423 2
46 335 2
92 444 2
280 290 2
279 470 2
71 142 2
13 206 2
81 439 2
326 337 2
1 465 2
257 334 2
53 146 2
2 281 2
6 166 2
25 490 2
267 421 2
408 413 2
413 486 2
19 139 2
267 461 2
209 247 2
375 488 2
51 349 2
40 81 2
184 486 2
102 325 2
12 480 2
169 396 2
177 198 2
33 498 2
126 195 2
117 148 2
248 458 2
221 392 2
14 443 2
87 121 2
27 491 2
64 492 2
428 447 2
81 343 2
349 379 2
4 476 2
148 267 2
341 400 2
51 136 2
91 477 2
272 330 2
38 273 2
13 81 2
410 425 2
216 248 2
147 383 2
89 92 2
40 381 2
12 120 2
386 400 2
8 124 2
34 468 2
31 114 2
171 303 2
92 127 2
90 134 2
268 317 2
73 316 2
223 311 2
422 487 2
340 345 2
386 439 2
421 452 2
163 415 2
140 156 2
61 150 2
176 263 2
167 443 2
84 254 2
161 265 2
124 153 2
118 241 2
55 496 2
297 488 2
141 146 2
419 477 2
114 246 2
196 413 2
70 267 2
62 170 2
213 321 2
324 342 2
28 303 2
207 500 2
165 244 2
87 270 2
193 496 2
154 212 2
104 368 2
352 404 2
194 415 2
156 308 2
109 296 2
286 435 2
3 99 2
41 327 2
49 257 2
14 82 2
12 43 2
19 301 2
352 460 2
162 374 2
118 119 2
66 446 2
40 458 2
240 388 2
110 331 2
304 354 2
169 324 2
95 286 2
44 320 2
50 173 2
320 378 2
204 278 2
409 420 2
48 269 2
2 244 2
121 329 2
29 137 2
79 151 2
219 436 2
44 174 2
238 418 2
332 427 2
367 469 2
102 492 2
345 378 2
45 296 2
3 338 2
273 383 2
96 386 2
167 486 2
115 458 2
236 437 2
110 367 2
94 115 2
57 361 2
390 433 2
325 496 2
323 385 2
98 274 2
322 445 2
275 462 2
374 475 2
214 480 2
88 94 2
78 408 2
124 136 2
29 67 2
156 365 2
21 179 2
341 430 2
15 123 2
57 483 2
395 424 2
150 300 2
342 412 2
275 424 2
143 372 2
171 277 2
41 194 2
50 308 2
93 499 2
90 316 2
27 377 2
89 393 2
28 283 2
174 311 2
295 372 2
31 146 2
200 216 2
196 392 2
90 176 2
274 362 2
21 344 2
282 333 2
121 193 2
124 127 2
93 185 2
461 479 2
4 115 2
157 458 2
219 468 2
36 134 2
419 493 2
49 480 2
155 375 2
75 438 2
310 448 2
109 195 2
270 420 2
193 323 2
203 437 2
154 422 2
302 332 2
17 202 2
139 325 2
106 180 2
422 446 2
107 359 2
155 395 2
269 483 2
420 457 2
199 474 2
428 442 2
92 268 2
85 403 2
268 327 2
349 484 2
289 331 2
351 444 2
116 417 2
42 347 2
194 396 2
122 346 2
233 311 2
11 280 2
101 298 2
76 301 2
10 197 2
184 336 2
19 286 2
334 370 2
354 431 2
83 157 2
155 206 2
292 451 2
113 236 2
18 47 2
271 416 2
28 406 2
219 238 2
80 133 2
52 202 2
316 361 2
218 469 2
69 181 2
372 397 2
224 428 2
216 405 2
62 442 2
225 338 2
134 304 2
79 465 2
51 248 2
93 372 2
303 416 2
251 447 2
140 496 2
271 345 2
115 252 2
75 408 2
335 404 2
169 348 2
384 494 2
337 393 2
9 95 2
125 387 2
199 444 2
59 478 2
185 352 2
41 148 2
69 110 2
8 17 2
332 430 2
411 493 2
66 67 2
279 315 2
352 405 2
34 390 2
198 390 2
309 446 2
403 428 2
20 294 2
9 344 2
440 450 2
107 115 2
98 252 2
372 374 2
234 328 2
378 425 2
203 238 2
260 280 2
272 380 2
360 384 2
126 357 2
179 452 2
315 321 2
35 180 2
208 349 2
138 494 2
156 229 2
72 488 2
458 462 2
297 399 2
188 194 2
217 479 2
3 376 2
72 178 2
194 422 2
185 215 2
190 482 2
322 471 2
4 287 2
134 266 2
146 454 2
392 469 2
97 139 2
386 480 2
213 382 2
69 159 2
37 80 2
20 37 2
17 482 2
463 474 2
289 399 2
245 338 2
293 383 2
112 392 2
60 222 2
27 367 2
55 387 2
186 363 2
206 327 2
227 242 2
274 299 2
274 295 2
142 372 2
86 467 2
36 191 2
178 483 2
437 492 2
111 361 2
379 444 2
300 484 2
128 203 2
377 378 2
76 415 2
122 256 2
9 267 2
369 454 2
287 365 2
121 160 2
225 248 2
363 393 2
61 462 2
33 188 2
374 409 2
252 495 2
152 225 2
165 412 2
29 165 2
237 295 2
49 53 2
467 483 2
128 329 2
32 259 2
393 476 2
57 301 2
129 479 2
77 313 2
414 475 2
69 451 2
24 497 2
270 338 2
162 406 2
360 415 2
218 282 2
370 437 2
336 487 2
229 475 2
193 209 2
220 299 2
5 350 2
108 199 2
10 402 2
196 475 2
338 427 2
177 338 2
165 353 2
25 146 2
252 291 2
205 267 2
207 223 2
51 55 2
205 223 2
110 264 2
161 365 2
99 136 2
386 388 2
91 418 2
228 411 2
81 337 2
153 450 2
75 167 2
105 227 2
301 473 2
19 211 2
115 443 2
85 217 2
287 445 2
112 481 2
349 400 2
29 122 2
140 403 2
300 328 2
287 346 2
325 491 2
8 172 2
233 350 2
382 405 2
168 205 2
142 266 2
261 425 2
302 327 2
28 132 2
22 478 2
189 379 2
1 285 2
77 483 2
143 432 2
244 342 2
184 440 2
286 313 2
137 478 2
357 440 2
93 133 2
118 349 2
72 183 2
169 488 2
108 215 2
43 389 2
30 43 2
142 235 2
336 367 2
219 337 2
264 288 2
321 400 2
45 411 2
258 279 2
343 464 2
57 422 2
120 287 2
113 248 2
248 266 2
95 456 2
169 423 2
92 148 2
290 305 2
2 61 2
65 305 2
183 488 2
336 345 2
59 74 2
132 284 2
117 208 2
378 456 2
12 298 2
172 408 2
418 436 2
65 492 2
75 254 2
64 431 2
173 384 2
172 482 2
223 296 2
128 256 2
75 147 2
88 249 2
132 317 2
218 316 2
88 141 2
197 407 2
46 400 2
16 414 2
130 373 2
115 318 2
170 383 2
138 218 2
283 478 2
195 302 2
2 249 2
54 334 2
34 343 2
387 396 2
145 426 2
184 455 2
30 398 2
56 383 2
183 228 2
8 389 2
461 471 2
33 352 2
299 467 2
206 395 2
111 132 2
234 437 2
193 289 2
251 491 2
6 58 2
149 210 2
3 294 2
243 280 2
358 445 2
77 300 2
99 464 2
2 389 2
153 191 2
87 197 2
85 95 2
111 117 2
36 392 2
88 477 2
385 417 2
263 275 2
473 484 2
441 486 2
150 426 2
35 264 2
47 229 2
164 251 2
144 352 2
196 388 2
103 319 2
174 182 2
63 228 2
468 495 2
24 480 2
83 463 2
175 273 2
76 312 2
46 395 2
63 379 2
23 202 2
49 258 2
95 257 2
220 268 2
245 468 2
93 441 2
21 446 2
415 430 2
107 221 2
139 425 2
147 468 2
253 495 2
83 325 2
155 328 2
233 446 2
102 159 2
121 339 2
212 418 2
207 369 2
141 498 2
281 482 2
304 348 2
99 102 2
112 135 2
116 266 2
147 305 2
128 433 2
445 493 2
168 416 2
309 401 2
125 396 2
151 381 2
76 490 2
188 499 2
23 188 2
185 405 2
114 478 2
13 65 2
327 410 2
318 352 2
41 309 2
176 297 2
198 242 2
112 353 2
458 487 2
109 375 2
2 250 2
30 78 2
96 180 2
84 355 2
110 211 2
152 354 2
451 493 2
49 112 2
91 107 2
64 421 2
17 494 2
54 369 2
320 474 2
450 475 2
156 301 2
242 293 2
345 376 2
79 154 2
304 426 2
224 480 2
41 82 2
196 363 2
46 476 2
190 388 2
236 284 2
78 384 2
190 293 2
166 182 2
338 439 2
313 430 2
157 379 2
244 395 2
78 156 2
198 365 2
133 207 2
107 122 2
114 348 2
193 407 2
180 385 2
305 433 2
218 235 2
224 385 2
257 314 2
391 498 2
6 217 2
207 341 2
110 144 2
172 369 2
158 213 2
93 249 2
84 321 2
262 429 2
159 355 2
144 284 2
53 233 2
309 393 2
245 309 2
153 160 2
207 312 2
220 414 2
300 388 2
247 369 2
311 379 2
242 414 2
115 394 2
86 297 2
351 450 2
315 446 2
136 498 2
155 411 2
129 289 2
153 218 2
159 219 2
348 450 2
144 368 2
207 306 2
57 182 2
56 441 2
140 308 2
308 352 2
138 396 2
169 230 2
190 437 2
134 492 2
276 431 2
359 361 2
32 359 2
118 491 2
269 285 2
72 186 2
327 468 2
98 248 2
395 401 2
27 103 2
329 439 2
306 453 2
165 342 2
33 138 2
283 368 2
249 495 2
250 364 2
78 142 2
362 481 2
161 315 2
7 229 2
207 229 2
56 117 2
103 153 2
90 400 2
56 327 2
334 459 2
60 347 2
28 253 2
90 450 2
86 157 2
125 291 2
431 476 2
183 241 2
74 109 2
265 427 2
276 348 2
82 487 2
188 202 2
218 301 2
69 374 2
332 474 2
187 416 2
218 411 2
173 353 2
82 462 2
48 387 2
185 279 2
24 444 2
230 457 2
42 208 2
3 134 2
204 283 2
52 161 2
192 204 2
31 465 2
70 323 2
53 346 2
205 303 2
100 213 2
115 412 2
155 224 2
24 229 2
461 476 2
66 447 2
50 473 2
253 468 2
52 95 2
15 122 2
93 409 2
265 321 2
33 47 2
358 439 2
194 274 2
21 262 2
166 470 2
55 388 2
117 248 2
156 193 2
256 319 2
119 146 2
215 222 2
313 391 2
43 227 2
30 163 2
343 374 2
49 308 2
26 423 2
343 365 2
342 441 2
81 384 2
131 227 2
11 129 2
182 392 2
316 433 2
380 389 2
204 304 2
256 347 2
84 184 2
24 140 2
24 426 2
22 209 2
391 471 2
224 411 2
78 143 2
119 272 2
33 401 2
431 438 2
207 493 2
22 240 2
2 484 2
239 433 2
182 224 2
151 231 2
11 315 2
53 307 2
238 376 2
136 351 2
35 209 2
54 319 2
161 379 2
57 98 2
62 207 2
286 465 2
151 201 2
108 192 2
306 430 2
173 348 2
206 388 2
12 471 2
63 132 2
158 362 2
296 472 2
257 399 2
171 488 2
183 480 2
25 414 2
1 474 2
132 140 2
44 447 2
111 401 2
204 251 2
211 433 2
222 368 2
29 319 2
27 133 2
225 246 2
40 108 2
307 402 2
194 322 2
237 280 2
346 387 2
139 374 2
93 309 2
112 286 2
105 282 2
29 128 2
213 247 2
162 465 2
183 389 2
49 107 2
203 319 2
70 370 2
432 474 2
365 397 2
69 355 2
105 162 2
21 435 2
224 392 2
430 453 2
110 412 2
131 190 2
326 344 2
55 472 2
9 283 2
171 249 2
135 382 2
232 490 2
84 106 2
76 441 2
142 437 2
162 431 2
456 474 2
64 91 2
80 478 2
50 445 2
165 275 2
235 451 2
286 298 2
243 390 2
378 403 2
255 339 2
297 318 2
117 158 2
56 355 2
43 132 2
269 489 2
22 300 2
34 40 2
296 399 2
145 302 2
66 463 2
65 111 2
30 181 2
114 492 2
63 87 2
233 435 2
383 446 2
131 163 2
6 253 2
7 63 2
313 377 2
126 251 2
146 489 2
49 292 2
123 424 2
21 275 2
104 292 2
29 47 2
137 288 2
356 431 2
454 462 2
139 460 2
19 157 2
164 492 2
316 458 2
8 189 2
60 263 2
80 165 2
135 371 2
109 307 2
123 281 2
253 469 2
234 492 2
73 167 2
29 458 2
317 429 2
145 281 2
378 467 2
58 324 2
349 372 2
301 437 2
127 370 2
2 336 2
69 450 2
254 389 2
80 440 2
251 319 2
152 219 2
63 247 2
123 248 2
193 495 2
447 484 2
7 259 2
202 288 2
16 213 2
305 372 2
32 298 2
255 286 2
207 381 2
29 107 2
328 333 2
199 421 2
265 376 2
267 320 2
121 221 2
162 498 2
254 388 2
498 500 2
3 371 2
100 145 2
128 444 2
140 303 2
329 404 2
71 170 2
296 308 2
38 123 2
223 433 2
199 379 2
341 431 2
426 473 2
107 444 2
206 334 2
61 128 2
208 305 2
139 328 2
229 453 2
30 468 2
7 194 2
101 199 2
183 285 2
47 217 2
149 307 2
98 472 2
42 317 2
311 441 2
344 491 2
88 114 2
15 462 2
197 358 2
10 228 2
354 359 2
65 321 2
134 230 2
258 483 2
405 480 2
241 331 2
230 487 2
121 447 2
272 477 2
271 362 2
187 243 2
262 394 2
84 171 2
225 352 2
86 182 2
69 281 2
41 212 2
279 384 2
54 495 2
87 265 2
66 453 2
24 118 2
131 480 2
185 490 2
59 99 2
44 361 2
310 356 2
30 269 2
65 470 2
109 446 2
4 471 2
305 428 2
64 152 2
258 377 2
176 259 2
186 293 2
180 284 2
336 344 2
432 485 2
104 371 2
94 492 2
329 483 2
117 463 2
113 392 2
243 450 2
236 394 2
21 281 2
225 466 2
271 338 2
70 483 2
183 354 2
201 290 2
334 361 2
94 299 2
327 390 2
5 265 2
73 74 2
92 193 2
53 415 2
41 204 2
116 137 2
314 327 2
44 136 2
111 358 2
45 347 2
187 378 2
81 248 2
255 348 2
400 462 2
242 408 2
211 421 2
304 368 2
47 174 2
129 409 2
57 154 2
224 440 2
53 119 2
279 402 2
294 487 2
304 308 2
142 423 2
9 258 2
3 377 2
278 462 2
115 300 2
156 366 2
234 286 2
120 459 2
56 432 2
130 273 2
43 397 2
5 263 2
82 135 2
205 300 2
273 368 2
189 193 2
102 171 2
364 372 2
157 342 2
6 12 2
227 464 2
68 323 2
174 419 2
270 427 2
315 328 2
84 277 2
92 191 2
212 303 2
107 237 2
334 417 2
13 27 2
208 279 2
243 489 2
226 373 2
138 415 2
108 133 2
280 387 2
18 147 2
249 395 2
281 471 2
174 207 2
111 357 2
64 131 2
246 387 2
45 161 2
360 500 2
136 154 2
211 326 2
50 86 2
107 327 2
59 192 2
6 269 2
39 383 2
338 371 2
100 303 2
52 425 2
375 412 2
186 278 2
156 279 2
15 60 2
69 492 2
102 300 2
176 281 2
411 476 2
451 482 2
87 497 2
253 355 2
124 279 2
125 281 2
116 359 2
226 266 2
451 452 2
71 368 2
169 406 2
315 343 2
27 77 2
247 488 2
263 423 2
104 175 2
211 237 2
361 451 2
128 419 2
225 304 2
239 288 2
51 316 2
371 429 2
360 438 2
57 177 2
13 339 2
108 153 2
322 382 2
246 274 2
322 351 2
19 252 2
127 216 2
263 408 2
414 473 2
127 436 2
33 35 2
403 478 2
253 324 2
52 491 2
71 219 2
95 115 2
123 479 2
100 130 2
114 382 2
262 315 2
304 338 2
60 454 2
37 196 2
28 228 2
75 238 2
114 176 2
174 350 2
289 292 2
6 76 2
211 280 2
62 79 2
50 373 2
399 464 2
143 151 2
24 250 2
285 335 2
170 220 2
15 398 2
215 383 2
19 150 2
189 267 2
175 229 2
184 366 2
113 489 2
304 366 2
138 280 2
27 124 2
24 348 2
286 484 2
229 257 2
60 229 2
31 196 2
65 299 2
353 441 2
111 195 2
118 287 2
413 424 2
290 445 2
232 462 2
119 248 2
31 480 2
21 379 2
34 121 2
215 283 2
269 440 2
48 428 2
263 273 2
252 428 2
82 171 2
267 433 2
74 175 2
292 480 2
5 339 2
17 237 2
25 130 2
225 285 2
300 417 2
391 443 2
98 122 2
191 457 2
131 237 2
357 489 2
259 423 2
262 459 2
252 329 2
143 337 2
35 361 2
253 329 2
42 343 2
223 476 2
182 420 2
21 65 2
383 429 2
452 464 2
330 401 2
45 240 2
336 403 2
33 67 2
105 326 2
34 454 2
189 245 2
247 323 2
355 361 2
100 284 2
236 319 2
419 497 2
248 331 2
182 463 2
291 375 2
18 80 2
113 337 2
245 456 2
246 291 2
114 427 2
284 286 2
54 276 2
117 154 2
124 303 2
41 48 2
146 207 2
375 382 2
306 390 2
250 272 2
8 22 2
143 347 2
83 311 2
102 255 2
358 464 2
5 420 2
76 489 2
28 45 2
4 88 2
7 94 2
385 490 2
17 397 2
471 491 2
278 387 2
83 333 2
25 354 2
136 200 2
252 488 2
314 427 2
180 283 2
41 412 2
40 125 2
259 450 2
406 464 2
161 445 2
271 414 2
218 339 2
94 255 2
122 170 2
283 366 2
41 248 2
88 138 2
318 335 2
73 313 2
390 435 2
101 317 2
142 496 2
80 466 2
259 359 2
47 369 2
62 453 2
42 49 2
129 481 2
140 260 2
29 381 2
156 255 2
205 343 2
25 195 2
189 339 2
89 475 2
2 319 2
134 147 2
422 432 2
208 307 2
119 220 2
154 431 2
339 475 2
202 344 2
116 352 2
317 418 2
244 344 2
220 336 2
156 367 2
110 268 2
148 183 2
13 91 2
346 433 2
471 478 2
16 122 2
106 234 2
30 144 2
34 481 2
147 252 2
18 96 2
55 390 2
81 178 2
62 395 2
84 495 2
29 489 2
405 497 2
70 496 2
74 99 2
393 418 2
84 192 2
213 344 2
156 168 2
41 98 2
203 286 2
400 453 2
62 213 2
58 199 2
25 208 2
23 437 2
133 463 2
21 436 2
42 407 2
16 335 2
135 492 2
273 307 2
164 456 2
264 488 2
317 486 2
71 311 2
302 475 2
19 173 2
20 441 2
484 490 2
243 399 2
30 235 2
307 334 2
17 138 2
93 250 2
294 488 2
218 308 2
119 473 2
368 393 2
37 45 2
105 179 2
211 374 2
14 354 2
109 413 2
424 496 2
292 316 2
288 450 2
284 481 2
366 471 2
379 442 2
3 352 2
388 391 2
161 412 2
333 450 2
41 247 2
313 443 2
67 135 2
67 468 2
145 238 2
67 162 2
167 483 2
91 406 2
142 331 2
39 394 2
387 458 2
67 147 2
49 221 2
38 422 2
24 253 2
139 180 2
362 470 2
50 368 2
35 493 2
256 323 2
77 307 2
375 425 2
8 18 2
191 226 2
17 297 2
114 141 2
194 267 2
71 254 2
104 457 2
178 442 2
51 220 2
75 140 2
299 455 2
414 433 2
59 308 2
137 316 2
144 403 2
146 409 2
120 299 2
101 341 2
133 398 2
77 470 2
136 186 2
37 256 2
131 417 2
78 129 2
116 405 2
69 174 2
361 406 2
266 277 2
129 159 2
167 253 2
116 361 2
138 296 2
109 329 2
123 170 2
159 303 2
103 470 2
115 204 2
134 261 2
112 140 2
478 496 2
50 91 2
65 397 2
35 147 2
383 392 2
172 437 2
88 184 2
131 177 2
142 373 2
53 106 2
298 490 2
46 450 2
14 116 2
145 459 2
111 289 2
151 206 2
210 310 2
298 332 2
68 390 2
240 449 2
36 472 2
11 147 2
44 344 2
86 483 2
291 437 2
15 34 2
184 300 2
61 362 2
273 324 2
279 479 2
19 122 2
149 418 2
23 277 2
21 391 2
257 412 2
81 446 2
314 463 2
125 406 2
282 406 2
44 227 2
340 463 2
321 384 2
119 435 2
165 187 2
393 428 2
79 461 2
22 169 2
174 218 2
156 226 2
3 25 2
238 438 2
299 469 2
408 465 2
128 323 2
144 477 2
68 117 2
251 478 2
276 489 2
314 366 2
61 401 2
404 488 2
227 438 2
171 469 2
90 273 2
49 212 2
129 343 2
247 455 2
258 289 2
211 235 2
24 64 2
261 283 2
38 53 2
280 428 2
28 205 2
39 324 2
161 383 2
48 440 2
321 395 2
113 146 2
30 439 2
38 398 2
292 308 2
115 369 2
39 449 2
54 473 2
6 346 2
161 386 2
298 314 2
2 135 2
247 412 2
122 309 2
237 298 2
259 332 2
87 486 2
59 397 2
148 371 2
30 158 2
161 370 2
228 437 2
322 473 2
141 348 2
132 174 2
300 421 2
257 472 2
183 292 2
179 303 2
22 155 2
105 186 2
61 157 2
25 476 2
272 480 2
30 446 2
361 439 2
117 263 2
269 386 2
3 180 2
46 138 2
94 253 2
159 447 2
29 69 2
310 345 2
125 352 2
19 194 2
455 456 2
86 104 2
259 480 2
50 210 2
354 424 2
116 303 2
108 111 2
367 392 2
65 208 2
5 229 2
147 212 2
463 500 2
145 367 2
353 423 2
171 283 2
25 56 2
104 201 2
413 415 2
218 255 2
273 361 2
333 459 2
413 470 2
152 448 2
31 452 2
348 442 2
143 326 2
370 442 2
31 205 2
193 393 2
170 261 2
286 455 2
31 175 2
358 409 2
289 412 2
429 463 2
45 285 2
21 89 2
101 357 2
71 444 2
16 280 2
118 360 2
343 351 2
242 403 2
205 279 2
214 340 2
112 426 2
18 81 2
173 345 2
40 377 2
65 144 2
2 438 2
309 322 2
93 164 2
297 432 2
57 441 2
5 11 2
296 388 2
63 213 2
70 361 2
67 253 2
372 385 2
426 434 2
113 259 2
340 472 2
15 53 2
17 417 2
78 273 2
28 179 2
185 278 2
69 294 2
95 424 2
18 32 2
403 448 2
32 455 2
207 409 2
101 130 2
43 83 2
302 478 2
150 210 2
400 420 2
390 474 2
131 463 2
172 181 2
58 348 2
31 54 2
407 460 2
302 326 2
89 406 2
98 307 2
269 299 2
73 86 2
288 324 2
356 422 2
6 318 2
112 158 2
134 316 2
7 25 2
325 453 2
39 48 2
338 395 2
305 454 2
57 208 2
139 381 2
242 284 2
21 486 2
91 292 2
422 455 2
80 105 2
123 450 2
238 348 2
94 380 2
67 245 2
20 157 2
181 441 2
335 347 2
6 251 2
136 145 2
347 473 2
111 416 2
148 421 2
212 232 2
219 397 2
223 285 2
24 78 2
264 278 2
173 225 2
33 302 2
171 480 2
28 266 2
202 326 2
82 179 2
88 196 2
105 251 2
1 103 2
135 460 2
32 310 2
124 213 2
144 497 2
6 110 2
178 217 2
183 310 2
233 258 2
254 481 2
102 287 2
260 451 2
221 312 2
119 164 2
73 380 2
111 481 2
31 304 2
79 329 2
38 187 2
39 339 2
61 409 2
71 192 2
434 443 2
147 295 2
60 80 2
298 447 2
339 395 2
19 448 2
101 355 2
307 376 2
336 499 2
131 324 2
359 375 2
270 388 2
131 471 2
96 211 2
18 264 2
134 402 2
256 310 2
147 250 2
82 290 2
176 222 2
43 411 2
147 484 2
43 48 2
57 95 2
225 229 2
167 323 2
65 220 2
32 281 2
57 130 2
87 279 2
107 256 2
45 168 2
136 477 2
241 277 2
59 236 2
296 466 2
198 377 2
171 356 2
161 492 2
38 45 2
13 162 2
142 268 2
183 425 2
41 467 2
229 364 2
355 392 2
267 482 2
117 361 2
321 436 2
317 459 2
60 127 2
54 85 2
488 498 2
82 160 2
201 282 2
118 283 2
401 413 2
28 336 2
137 293 2
37 230 2
437 455 2
272 316 2
48 302 2
90 268 2
108 492 2
170 369 2
9 62 2
134 165 2
87 296 2
202 253 2
330 396 2
127 458 2
12 112 2
24 233 2
110 156 2
156 415 2
415 484 2
133 262 2
112 210 2
168 408 2
167 221 2
18 46 2
189 425 2
24 282 2
199 483 2
142 259 2
368 397 2
136 344 2
171 245 2
8 203 2
39 252 2
263 268 2
356 498 2
188 328 2
91 128 2
87 469 2
370 405 2
478 487 2
149 214 2
219 234 2
83 419 2
213 342 2
222 400 2
51 79 2
121 380 2
115 494 2
1 358 2
265 268 2
195 219 2
405 464 2
120 267 2
106 452 2
206 468 2
439 490 2
206 489 2
369 372 2
134 148 2
188 215 2
93 325 2
161 320 2
349 415 2
298 449 2
92 306 2
84 193 2
134 163 2
184 217 2
32 177 2
315 394 2
327 340 2
206 411 2
50 328 2
69 158 2
1 246 2
19 441 2
290 344 2
179 362 2
175 464 2
254 343 2
374 446 2
201 456 2
248 258 2
249 315 2
200 472 2
219 287 2
96 495 2
74 263 2
137 350 2
60 382 2
183 459 2
75 192 2
379 491 2
31 72 2
52 321 2
49 170 2
46 80 2
260 261 2
131 326 2
345 424 2
155 383 2
199 349 2
381 469 2
126 281 2
68 333 2
304 428 2
143 184 2
103 226 2
158 232 2
328 374 2
285 472 2
8 328 2
32 168 2
85 244 2
210 238 2
181 409 2
232 388 2
300 301 2
101 310 2
366 406 2
363 387 2
66 461 2
274 379 2
110 169 2
291 413 2
298 428 2
460 499 2
365 381 2
124 353 2
296 315 2
175 373 2
192 456 2
319 474 2
72 283 2
152 180 2
184 234 2
172 264 2
137 303 2
226 245 2
139 205 2
310 498 2
411 449 2
11 65 2
217 483 2
316 498 2
154 323 2
75 479 2
267 486 2
88 142 2
26 393 2
242 397 2
2 3 2
187 255 2
96 281 2
299 307 2
95 408 2
247 314 2
219 439 2
244 345 2
66 256 2
42 486 2
2 29 2
320 321 2
41 270 2
340 346 2
39 337 2
197 294 2
99 205 2
112 317 2
10 245 2
157 262 2
20 50 2
19 341 2
91 260 2
30 444 2
212 375 2
81 430 2
388 475 2
69 351 2
445 486 2
171 389 2
2 9 2
457 485 2
205 298 2
153 174 2
96 144 2
82 139 2
222 358 2
151 343 2
19 125 2
197 371 2
245 293 2
187 232 2
62 263 2
109 202 2
127 470 2
303 342 2
28 31 2
197 444 2
36 466 2
204 350 2
332 343 2
208 433 2
160 250 2
150 306 2
143 429 2
281 289 2
10 415 2
114 358 2
150 260 2
300 345 2
249 373 2
154 437 2
2 237 2
268 435 2
29 236 2
177 490 2
44 147 2
173 330 2
113 287 2
280 301 2
87 283 2
235 270 2
329 341 2
129 420 2
60 148 2
81 105 2
251 383 2
107 375 2
16 287 2
247 469 2
123 308 2
56 375 2
316 319 2
228 417 2
291 478 2
78 497 2
37 449 2
379 445 2
16 88 2
234 482 2
162 420 2
121 130 2
75 470 2
76 165 2
258 353 2
209 267 2
302 409 2
226 465 2
200 258 2
30 467 2
97 467 2
67 228 2
402 413 2
31 98 2
144 218 2
157 432 2
108 280 2
25 286 2
317 400 2
394 423 2
101 354 2
52 239 2
3 151 2
32 183 2
323 373 2
194 450 2
211 394 2
303 338 2
20 499 2
66 492 2
380 488 2
71 92 2
71 189 2
10 37 2
99 162 2
39 436 2
297 479 2
171 308 2
103 150 2
99 350 2
46 165 2
161 205 2
164 290 2
31 328 2
350 365 2
19 23 2
231 371 2
267 487 2
179 320 2
227 468 2
64 495 2
197 226 2
150 198 2
286 326 2
392 413 2
95 412 2
152 332 2
53 187 2
25 384 2
290 360 2
163 491 2
85 366 2
14 24 2
15 189 2
389 483 2
237 422 2
247 375 2
74 284 2
375 405 2
35 360 2
420 499 2
359 374 2
25 317 2
86 145 2
174 363 2
353 398 2
32 477 2
13 163 2
229 261 2
248 325 2
16 316 2
62 252 2
39 156 2
84 141 2
252 447 2
95 476 2
294 336 2
243 409 2
51 70 2
200 386 2
91 460 2
165 499 2
116 301 2
94 440 2
100 282 2
166 439 2
13 160 2
270 331 2
88 404 2
77 214 2
88 201 2
43 380 2
277 320 2
443 470 2
246 422 2
41 371 2
237 437 2
223 428 2
344 473 2
127 247 2
94 452 2
209 405 2
77 145 2
74 236 2
245 327 2
376 461 2
277 413 2
15 372 2
150 443 2
298 388 2
31 498 2
245 358 2
119 423 2
360 423 2
144 462 2
145 246 2
337 484 2
186 337 2
265 271 2
313 421 2
166 235 2
233 439 2
372 492 2
273 293 2
341 442 2
100 281 2
215 246 2
84 439 2
195 220 2
155 456 2
170 230 2
30 329 2
320 392 2
209 313 2
47 470 2
200 317 2
201 465 2
22 83 2
66 177 2
386 395 2
61 477 2
57 464 2
1 2 2
105 272 2
123 157 2
218 266 2
84 94 2
58 297 2
210 334 2
264 456 2
379 485 2
133 317 2
100 254 2
35 70 2
144 162 2
191 329 2
249 359 2
155 211 2
6 332 2
142 209 2
44 155 2
33 369 2
210 260 2
44 499 2
126 162 2
23 409 2
277 353 2
294 425 2
417 474 2
8 215 2
199 341 2
353 487 2
84 467 2
150 289 2
320 402 2
17 470 2
51 249 2
190 343 2
85 125 2
230 340 2
56 381 2
261 466 2
31 414 2
17 398 2
187 451 2
99 201 2
174 356 2
122 489 2
96 191 2
188 474 2
231 299 2
154 303 2
395 459 2
245 323 2
88 176 2
388 399 2
159 282 2
22 143 2
209 292 2
97 263 2
51 265 2
290 362 2
25 38 2
182 355 2
44 391 2
98 135 2
178 498 2
302 481 2
290 323 2
149 323 2
298 463 2
86 279 2
292 389 2
327 466 2
99 280 2
251 341 2
117 368 2
180 486 2
323 324 2
343 378 2
29 341 2
352 491 2
112 420 2
362 460 2
345 347 2
91 330 2
187 401 2
161 177 2
111 397 2
17 318 2
139 442 2
219 280 2
273 295 2
172 245 2
263 357 2
113 343 2
29 398 2
106 291 2
161 212 2
183 405 2
243 276 2
140 211 2
43 450 2
242 306 2
108 147 2
107 490 2
126 426 2
45 256 2
347 429 2
248 275 2
201 486 2
305 404 2
44 403 2
77 199 2
179 288 2
363 397 2
180 278 2
156 195 2
1 146 2
376 484 2
197 369 2
96 317 2
27 462 2
62 198 2
106 442 2
7 450 2
40 153 2
5 418 2
463 488 2
55 370 2
190 418 2
79 162 2
188 416 2
272 283 2
451 480 2
163 195 2
191 373 2
198 444 2
284 296 2
487 489 2
261 413 2
316 341 2
143 148 2
201 425 2
222 252 2
258 492 2
279 285 2
126 338 2
97 112 2
99 220 2
284 424 2
243 403 2
116 392 2
6 37 2
100 116 2
124 205 2
110 222 2
236 296 2
50 456 2
443 483 2
96 121 2
293 455 2
80 136 2
32 172 2
184 278 2
61 134 2
282 360 2
6 17 2
267 268 2
107 217 2
78 320 2
229 411 2
28 378 2
40 265 2
208 475 2
110 174 2
32 167 2
13 95 2
435 462 2
214 306 2
42 48 2
181 380 2
168 446 2
474 500 2
211 363 2
333 338 2
437 491 2
148 350 2
88 360 2
81 143 2
72 364 2
260 265 2
112 115 2
99 229 2
233 379 2
144 395 2
51 152 2
15 75 2
225 429 2
34 53 2
49 80 2
38 62 2
94 159 2
264 384 2
184 411 2
167 265 2
76 477 2
141 344 2
100 224 2
405 449 2
214 271 2
235 332 2
144 281 2
13 238 2
386 467 2
7 463 2
137 443 2
403 442 2
195 210 2
55 229 2
131 383 2
66 147 2
71 322 2
