494 7960 91
11 303 3
20 263 1
32 395 2
93 165 0
10 193 0
28 296 1
236 483 3
159 395 2
44 410 2
14 440 3
31 408 3
152 277 1
351 395 0
176 476 3
92 338 2
344 486 0
45 206 1
196 210 3
113 186 3
35 461 2
58 294 1
55 459 3
178 247 2
100 237 2
330 358 0
27 33 3
26 44 3
10 400 0
10 207 0
186 402 1
40 351 1
156 474 1
235 339 2
171 332 2
137 309 0
218 250 3
29 212 0
354 364 0
314 456 3
91 168 3
165 454 1
98 245 1
396 442 1
171 324 2
135 234 0
316 413 1
189 393 1
149 249 0
246 362 2
294 420 1
220 392 1
189 388 2
3 284 0
32 488 3
66 220 0
184 459 2
135 381 2
7 306 2
208 453 3
69 382 0
89 358 1
162 396 3
75 472 3
5 18 1
16 200 2
130 459 3
26 80 0
242 326 0
242 297 2
244 336 3
217 285 2
214 412 1
94 381 0
143 312 2
205 287 1
314 365 0
236 456 2
38 49 2
41 233 2
36 175 3
228 283 1
385 460 3
273 472 0
212 252 3
55 102 2
455 490 1
185 194 2
308 349 0
265 424 3
127 442 2
237 291 2
311 403 3
30 40 3
18 124 3
315 366 0
293 330 1
150 431 1
2 365 1
79 257 2
102 179 2
232 348 0
264 352 3
222 419 1
201 378 2
272 437 0
100 167 3
15 138 1
46 479 0
65 293 0
56 230 1
391 418 2
118 244 2
173 475 2
118 343 0
317 466 0
48 145 2
194 354 0
43 433 0
226 431 3
330 370 1
126 450 1
233 435 2
226 470 0
123 436 2
133 160 1
11 289 1
232 486 3
11 397 0
157 489 0
8 428 2
77 143 0
300 340 2
326 441 2
82 190 3
254 350 0
175 247 2
260 280 2
36 38 0
285 402 1
14 145 1
321 352 3
221 460 1
55 398 1
175 492 1
28 150 1
223 377 3
16 197 0
53 130 2
203 470 0
311 361 2
17 227 2
331 399 2
237 261 0
394 438 1
326 360 2
341 393 3
323 439 0
73 168 1
261 478 0
27 390 3
17 22 0
2 376 1
110 170 2
44 106 3
131 387 0
424 484 3
164 345 3
96 236 3
7 14 1
36 159 2
6 365 1
67 479 2
40 51 1
417 457 1
218 358 0
91 243 3
240 382 0
306 339 0
89 176 1
207 365 2
313 366 1
125 169 2
75 416 1
301 428 0
365 433 1
18 484 2
225 331 0
9 231 2
237 406 3
92 384 2
247 431 3
10 412 0
56 328 0
40 396 0
2 41 3
245 464 0
276 454 1
10 350 1
239 487 1
144 201 1
32 447 1
114 465 0
62 206 3
94 345 3
125 245 2
64 310 1
222 281 3
174 271 1
85 392 1
93 357 3
25 217 3
101 414 1
310 348 2
395 475 0
81 247 1
206 337 3
305 318 0
120 205 2
89 369 2
399 458 2
81 463 2
79 304 1
109 352 0
121 134 2
15 335 3
111 161 1
216 364 2
282 461 0
87 211 2
310 485 0
56 264 0
202 371 0
50 142 0
366 401 0
199 435 0
189 441 1
69 151 3
218 227 1
197 214 0
7 422 0
248 451 1
254 307 2
251 479 2
240 305 0
44 357 2
156 275 0
148 494 3
50 139 0
78 430 3
370 376 2
45 467 2
178 243 3
346 414 1
109 187 2
23 175 3
355 360 3
198 204 2
29 61 1
315 328 2
191 306 0
28 267 0
28 104 2
184 304 3
130 366 1
221 416 1
325 477 3
118 363 2
12 132 3
126 378 1
266 342 3
352 453 1
229 232 3
279 410 0
62 129 1
20 364 2
128 165 3
13 305 3
142 241 2
62 392 2
17 458 1
244 273 2
111 283 3
64 419 1
96 466 1
448 477 0
120 475 1
242 373 1
6 71 3
124 414 2
88 491 3
114 388 1
173 336 2
358 468 2
53 491 3
219 477 3
291 432 1
456 483 0
210 471 0
71 91 0
282 436 2
280 300 1
84 306 3
335 435 1
266 385 3
212 213 1
414 438 2
115 153 0
347 415 0
367 492 0
92 466 3
43 243 0
136 293 2
391 478 3
168 214 0
52 284 0
247 428 2
131 336 1
91 214 0
104 396 1
15 378 3
180 217 3
144 372 1
48 79 3
269 446 3
377 470 0
162 220 1
315 367 0
115 299 2
415 432 1
35 398 1
271 459 0
9 170 3
194 374 2
86 184 0
25 108 3
186 311 1
156 487 0
93 324 0
189 391 3
333 417 0
124 183 2
56 157 2
207 319 0
377 411 0
132 328 2
266 393 0
90 168 1
168 348 3
229 257 3
176 445 1
45 415 0
244 424 1
208 366 2
91 193 0
162 294 3
8 104 0
34 213 1
391 462 3
63 126 0
136 438 3
23 310 0
231 293 0
284 457 2
35 167 1
277 402 3
161 484 0
237 292 1
273 386 0
20 360 2
225 320 2
397 414 3
258 485 3
163 240 3
134 163 0
349 364 2
57 194 0
33 330 1
6 466 1
29 415 2
266 397 0
97 283 1
326 369 0
189 403 2
288 359 1
170 455 3
171 401 3
137 494 3
224 485 3
203 299 0
376 475 3
2 43 2
12 372 3
241 375 3
245 465 2
95 252 3
360 450 1
358 443 1
139 231 0
122 198 0
177 316 0
186 362 3
281 351 1
255 287 1
238 338 1
65 385 0
314 348 2
276 459 2
59 352 2
238 293 1
128 431 3
92 120 3
92 482 2
214 441 0
349 390 1
60 294 2
61 229 2
97 319 1
38 213 3
124 401 1
382 459 3
6 9 1
355 406 0
297 430 3
3 6 0
441 452 2
51 236 3
200 343 2
135 143 2
78 127 1
32 159 3
208 316 3
6 7 2
79 223 1
180 316 2
131 303 2
7 261 3
285 465 3
134 335 3
80 128 2
179 410 0
136 335 3
277 346 3
60 259 3
20 43 0
315 360 3
40 459 0
237 433 0
268 439 0
4 33 1
82 399 2
351 426 3
181 225 2
338 457 2
187 207 3
32 248 1
41 42 2
318 416 3
268 332 1
145 334 3
271 485 3
51 201 1
124 136 3
141 168 3
200 484 0
46 92 1
203 395 2
109 267 2
153 279 1
6 163 0
36 82 2
202 314 3
320 465 0
34 58 0
106 298 2
176 237 3
119 342 2
43 406 2
185 244 1
163 327 0
377 414 2
15 221 1
63 386 1
83 165 3
265 325 2
106 362 1
7 68 1
66 455 3
147 177 0
193 302 2
390 440 3
195 450 3
185 234 0
61 247 1
353 402 1
303 430 1
33 223 2
263 320 2
408 420 2
293 422 3
119 385 2
251 360 1
23 219 3
247 450 3
227 322 1
168 194 1
169 323 3
117 305 3
314 432 2
37 448 3
21 349 0
421 441 0
36 55 1
45 429 3
240 342 0
39 125 2
98 121 1
75 101 0
124 246 3
226 393 1
138 385 0
245 440 1
103 188 2
43 180 1
126 470 3
33 282 0
341 416 1
180 255 2
3 379 3
14 393 3
164 409 2
44 136 3
375 385 1
2 329 3
313 445 3
231 448 1
475 492 1
291 422 0
90 118 0
31 412 3
58 481 3
66 456 1
284 399 0
106 241 3
215 314 2
267 364 2
397 480 2
1 256 1
214 460 3
28 235 0
89 328 1
352 477 2
50 494 1
189 422 2
347 405 2
67 260 1
95 96 3
174 424 1
276 303 3
457 489 0
71 471 3
129 402 3
287 364 2
145 389 0
99 273 2
230 344 2
93 321 0
53 232 2
106 181 2
115 488 0
237 309 0
83 164 2
68 83 0
279 293 1
17 477 3
193 292 0
82 317 0
370 458 3
163 447 2
218 491 1
34 412 1
68 269 3
53 256 2
292 397 1
12 409 3
241 289 3
24 350 2
72 275 3
47 105 3
94 290 0
205 236 1
404 437 1
180 278 0
69 84 2
113 168 2
27 236 0
267 325 0
171 298 0
88 163 1
284 482 0
178 283 1
60 420 0
136 320 2
223 391 0
328 431 3
51 137 3
327 407 2
88 317 1
29 306 3
205 222 3
22 239 1
261 336 2
256 447 3
165 257 2
115 325 3
155 161 0
312 435 1
311 467 2
127 317 2
277 433 3
130 321 1
134 459 2
133 485 2
358 456 2
187 364 3
39 146 3
134 409 2
301 452 0
390 431 1
49 151 3
141 294 0
69 163 3
9 68 1
20 285 3
205 234 3
142 244 0
16 41 1
72 375 3
288 383 2
68 206 2
135 195 1
371 463 3
335 416 0
65 241 2
274 423 2
173 289 1
100 415 2
102 125 2
31 256 0
255 389 2
79 216 3
307 397 0
80 471 0
330 415 3
334 490 1
30 44 2
8 457 3
164 282 3
165 437 3
177 480 3
10 138 1
17 107 0
17 179 3
105 319 0
185 464 3
91 359 2
357 424 2
185 310 0
93 447 0
421 449 0
71 359 0
55 93 2
16 232 2
453 454 1
56 460 3
322 327 2
339 416 2
89 339 1
27 345 0
100 146 1
44 144 0
32 267 2
273 336 3
243 314 2
331 367 0
217 429 0
59 463 2
103 298 3
47 493 3
242 421 1
107 407 2
275 466 1
251 493 3
278 449 2
57 141 3
390 466 1
109 456 1
73 109 3
236 484 0
251 261 1
60 249 3
334 350 0
136 446 1
66 464 3
26 196 0
362 439 1
244 268 3
33 281 2
10 39 3
73 80 0
128 233 2
185 452 0
70 253 0
288 376 3
155 446 2
98 382 3
297 336 3
261 484 2
379 401 2
227 370 3
130 436 1
87 112 3
324 462 1
292 481 3
195 340 2
82 329 3
175 456 0
152 358 1
81 309 3
75 436 1
133 489 2
60 197 3
180 413 0
8 306 3
161 457 3
104 141 1
185 223 1
117 286 2
125 491 0
246 315 2
110 311 3
78 84 2
347 370 3
163 426 3
90 439 0
110 151 0
257 443 3
337 493 2
400 415 2
267 375 0
37 339 1
90 110 1
368 408 0
46 427 0
55 154 1
99 118 0
37 72 3
382 391 2
320 401 0
2 192 3
140 381 2
107 226 1
92 146 0
271 432 0
279 387 0
57 344 3
172 368 3
91 295 3
191 455 3
160 287 3
398 446 0
69 235 3
147 437 2
35 492 1
83 299 1
136 403 0
393 462 2
114 276 1
70 154 0
173 195 2
283 291 1
247 449 1
219 465 0
69 207 2
139 418 3
265 447 2
249 483 0
62 355 2
171 446 2
38 282 2
79 285 3
12 391 0
138 195 3
145 456 1
98 312 3
111 146 2
224 329 2
309 350 0
155 371 2
211 267 1
172 394 0
92 238 3
117 242 3
68 76 3
134 493 2
175 466 2
46 98 2
182 408 1
182 306 1
169 347 3
273 320 1
223 359 0
256 387 2
132 200 0
46 176 2
29 280 2
295 393 2
380 462 3
82 197 1
70 423 2
377 461 0
16 28 1
97 132 3
3 213 3
31 102 0
228 268 3
50 117 3
311 342 3
200 302 3
102 121 1
169 353 2
105 492 3
52 382 0
49 71 0
4 239 1
85 457 0
45 168 1
64 74 3
105 190 2
341 399 2
99 319 3
337 486 3
423 456 3
27 152 0
75 287 0
23 165 1
147 392 1
77 205 3
8 201 1
90 247 1
39 60 3
131 296 0
105 186 0
59 309 2
273 456 1
121 314 2
225 401 1
160 214 2
73 192 0
394 489 2
224 279 3
52 127 0
387 480 2
102 480 1
85 396 3
142 148 2
309 390 1
97 348 1
181 451 0
183 373 3
307 332 3
304 379 0
150 264 3
250 344 2
163 315 3
38 269 1
266 298 0
53 436 2
29 177 1
15 338 2
298 352 3
379 426 2
115 222 1
235 376 0
408 489 3
149 332 0
164 316 2
98 198 0
396 399 3
60 148 1
22 90 3
71 198 2
49 218 2
155 172 1
133 338 0
206 340 0
138 462 0
44 153 0
121 240 0
321 358 3
33 104 3
200 395 2
222 345 2
106 234 2
81 373 2
93 352 0
94 481 2
47 490 2
148 286 3
253 267 2
149 273 0
245 426 1
186 210 1
6 492 1
86 142 2
40 453 3
140 231 3
71 246 1
222 240 0
98 213 0
254 460 0
122 288 0
32 385 1
60 223 0
160 446 0
4 7 2
38 171 3
45 118 2
195 339 1
343 416 3
200 360 2
223 465 1
66 115 2
6 474 2
195 375 2
50 315 0
117 379 0
198 424 0
285 387 0
79 156 2
134 418 0
205 350 3
224 239 2
76 179 0
2 276 2
114 476 2
150 163 3
58 183 1
90 423 2
330 352 1
54 221 2
39 45 0
214 479 2
2 6 2
50 126 3
162 367 1
306 368 0
60 218 3
282 485 2
157 194 1
236 424 2
2 419 2
121 328 1
40 214 2
293 303 2
120 170 0
158 354 0
271 395 2
96 435 3
193 487 1
131 458 2
143 352 1
23 490 3
195 457 3
144 173 2
263 387 2
147 468 0
21 480 1
2 217 2
135 144 3
243 441 1
221 490 1
196 293 0
27 222 2
458 474 3
23 262 1
294 310 1
35 468 0
20 83 1
85 112 1
62 113 1
242 488 0
13 202 1
39 490 0
126 173 2
245 360 2
85 159 0
117 470 1
18 89 3
148 493 3
3 451 2
299 305 0
175 332 0
425 475 3
61 78 3
37 86 3
59 101 3
445 482 1
144 325 2
143 313 3
343 345 0
147 433 3
63 472 2
61 322 3
240 472 0
120 457 3
151 337 1
392 464 1
31 217 3
359 441 3
362 431 3
58 87 3
401 428 1
66 222 3
150 472 2
84 419 0
154 377 2
225 432 0
138 448 1
407 455 1
375 455 3
282 475 2
127 220 2
77 331 2
319 465 3
3 479 3
143 216 2
236 415 0
14 202 1
424 457 3
217 246 0
154 268 0
158 400 2
148 203 0
172 256 1
54 370 3
2 462 1
24 482 3
82 470 2
141 245 3
32 254 3
70 204 1
355 384 0
80 378 0
324 374 2
107 197 1
10 449 3
19 323 0
34 74 1
85 117 0
66 440 3
398 477 3
285 397 2
219 260 2
105 189 2
378 477 0
328 482 3
245 446 1
182 224 1
119 121 3
120 280 1
308 481 3
351 398 1
167 300 3
42 438 3
380 422 0
155 310 1
216 416 0
14 491 1
118 307 2
180 494 0
76 136 1
199 334 1
47 170 1
213 274 0
341 448 0
68 232 0
127 301 2
104 306 1
353 388 3
174 489 0
99 362 1
9 336 1
35 240 2
120 140 2
260 439 2
333 424 2
300 485 1
143 242 2
270 437 3
263 459 1
94 252 3
191 370 0
115 180 0
226 474 2
244 393 3
163 389 3
145 305 0
76 360 0
151 252 2
102 404 0
185 323 0
21 54 3
85 325 3
152 489 3
213 478 1
41 118 3
101 241 2
236 405 2
346 380 0
72 168 1
144 339 3
176 491 3
333 438 3
61 161 0
90 386 3
122 260 2
352 493 0
74 462 2
420 494 3
242 324 2
141 374 1
127 142 3
130 176 2
282 486 1
168 255 0
243 446 1
53 149 1
184 232 1
341 385 2
270 304 0
313 357 3
44 55 2
115 331 2
96 304 2
185 398 2
301 460 0
60 210 0
256 416 0
54 151 0
55 61 0
75 215 0
22 409 2
321 478 2
308 487 1
125 253 1
48 288 2
341 425 1
90 370 3
156 299 0
90 224 3
275 403 2
57 342 0
231 385 2
43 388 0
126 458 2
231 254 2
112 386 0
55 261 1
349 424 1
32 398 2
373 491 0
270 483 1
42 68 0
51 198 1
313 336 1
341 430 0
46 494 3
65 120 0
431 478 1
274 412 1
390 395 3
150 268 3
46 339 0
228 464 3
88 348 2
260 434 1
201 480 2
109 382 0
356 473 2
445 473 0
50 338 3
102 414 3
84 112 1
317 390 1
34 475 0
300 425 1
170 258 1
4 205 0
143 155 0
32 111 0
245 385 1
215 417 1
41 316 3
243 359 0
392 396 2
445 477 2
253 319 0
66 367 2
31 437 2
147 258 2
51 83 2
266 456 1
47 115 3
320 453 3
129 311 2
225 280 2
255 282 2
204 380 3
63 216 3
1 384 0
93 312 3
38 268 3
97 194 0
82 153 0
56 124 0
4 144 1
88 360 2
203 422 2
20 26 3
372 392 3
335 481 1
183 490 2
219 378 3
48 300 2
189 419 2
86 474 3
279 341 3
116 239 3
52 108 3
83 309 2
270 308 3
180 439 3
72 462 1
4 267 1
143 185 1
42 104 2
217 283 0
206 432 1
136 273 3
235 270 1
41 104 3
245 444 1
460 462 3
23 49 2
152 362 2
154 164 2
184 273 1
306 493 2
246 471 0
21 110 1
113 404 2
42 48 0
1 2 2
373 409 2
84 145 2
197 204 3
13 389 3
23 36 1
76 155 1
163 310 3
240 449 0
224 424 0
319 343 2
75 375 2
141 477 2
112 273 3
291 468 3
435 478 0
383 385 2
397 453 1
12 202 1
132 208 1
221 390 3
309 451 0
39 473 0
96 269 1
306 458 0
24 467 2
59 154 3
128 390 0
110 473 2
304 376 1
68 470 2
343 443 1
279 412 0
232 283 3
276 464 0
13 434 0
270 286 1
449 450 3
66 233 1
18 77 0
40 309 2
16 250 2
23 134 1
383 476 3
219 314 2
41 348 3
188 203 0
356 455 1
198 411 0
18 405 3
327 464 0
44 111 0
250 420 2
231 463 0
24 75 3
373 376 1
98 99 1
64 231 3
38 85 1
223 321 2
101 443 2
94 408 1
353 463 1
216 493 3
7 98 3
194 282 3
254 402 0
251 253 3
121 390 1
149 480 3
73 302 0
350 396 3
200 288 0
249 258 0
11 272 1
178 218 3
35 246 0
73 469 3
225 469 0
261 362 2
115 484 2
180 236 0
176 247 3
175 449 1
41 337 0
104 280 0
208 349 3
38 408 3
25 109 0
336 369 2
102 272 2
20 29 2
7 317 2
105 132 1
381 415 2
312 409 1
288 385 3
378 458 1
57 143 1
138 338 2
157 363 0
27 478 1
372 486 1
135 183 3
18 70 0
371 493 2
293 321 0
11 49 1
269 279 2
245 274 2
285 479 3
55 85 0
150 202 2
71 253 2
422 461 1
326 329 0
23 213 1
63 319 3
303 365 3
28 91 2
99 111 1
122 383 2
150 194 1
4 478 3
227 253 1
83 246 2
87 397 1
121 359 3
146 436 2
116 351 1
87 147 2
68 288 0
256 270 1
297 400 2
289 454 3
13 345 2
33 494 3
133 250 2
106 369 3
177 470 1
84 342 3
112 189 0
167 210 3
198 447 2
167 169 3
54 250 0
5 108 0
192 482 2
96 465 2
215 494 1
187 297 3
252 343 0
212 272 2
59 186 2
275 357 0
223 271 3
77 234 2
210 292 1
77 235 3
162 373 1
4 242 1
276 278 0
347 383 0
56 147 2
346 430 2
393 426 3
13 283 2
144 365 0
198 266 0
10 386 2
12 279 3
256 380 1
250 408 0
32 46 3
124 346 3
9 476 3
69 466 3
44 258 0
119 363 0
35 327 3
139 241 3
6 374 1
55 123 1
381 455 2
20 235 2
96 187 3
84 135 1
93 277 1
46 73 3
26 431 0
271 398 2
142 437 1
180 275 1
95 491 3
257 265 3
327 414 2
374 393 3
163 200 1
78 409 3
154 340 3
244 339 3
250 359 2
65 407 0
125 481 1
82 308 0
250 385 1
87 295 2
48 181 3
17 443 0
119 139 2
261 457 2
251 370 0
50 121 0
146 151 3
426 433 1
294 329 1
276 302 3
34 176 2
114 285 0
7 87 0
2 52 0
168 281 1
121 377 1
328 355 3
23 46 0
67 93 1
68 280 3
32 45 3
60 107 2
3 215 3
218 271 2
152 285 3
359 418 1
229 292 1
205 341 2
32 280 1
95 339 1
312 489 0
83 243 3
122 179 0
145 250 2
240 473 3
274 402 1
105 457 1
368 372 2
146 190 2
367 408 0
140 206 2
78 354 0
209 398 0
403 471 2
40 282 1
163 382 2
263 271 1
105 254 2
59 318 0
260 265 1
50 86 0
173 213 2
206 391 2
204 472 1
257 400 1
344 396 2
56 79 1
274 458 2
199 303 0
310 423 2
35 368 1
288 404 0
279 445 2
138 288 3
216 476 1
91 314 3
307 399 0
90 402 1
274 385 0
198 371 0
29 285 3
90 131 3
294 304 2
179 453 0
138 395 1
137 278 1
35 366 2
117 140 2
398 437 0
85 326 2
157 464 3
269 316 2
69 443 1
137 418 3
40 70 0
116 409 2
379 407 3
19 314 2
137 403 1
82 98 2
6 161 1
298 383 3
39 393 0
203 457 0
13 446 3
215 228 1
204 391 3
19 287 2
433 442 2
2 170 1
304 460 3
344 461 1
23 420 2
303 406 1
294 473 2
374 466 3
243 256 1
20 426 0
70 483 0
25 102 0
254 312 0
250 320 1
58 179 0
67 105 2
121 405 3
69 250 1
10 272 3
132 264 1
163 401 0
302 457 3
42 83 2
96 191 2
269 310 1
302 328 3
61 173 1
351 374 3
197 395 0
155 287 1
53 150 2
45 401 3
21 292 1
104 163 0
64 467 0
99 398 0
147 332 2
53 276 2
198 247 0
103 447 1
71 472 1
31 371 0
131 363 2
38 273 0
70 161 2
294 467 2
137 214 2
259 388 0
9 13 1
55 111 3
44 412 2
287 461 0
8 312 1
112 439 1
67 399 3
108 234 0
23 323 2
46 68 1
154 323 3
80 176 1
158 475 1
175 288 1
309 406 0
234 246 0
52 337 1
312 465 1
107 492 3
316 335 3
27 416 0
164 487 3
54 485 2
15 413 3
66 463 3
96 135 0
288 291 2
86 426 1
33 51 0
125 249 3
118 470 3
42 240 2
31 149 1
45 303 2
50 256 3
234 292 2
19 20 3
288 422 2
141 440 1
147 451 0
422 431 2
197 349 2
185 335 1
46 94 2
86 143 1
301 421 0
164 221 3
199 446 1
132 451 2
325 358 1
6 21 3
15 387 0
169 344 0
207 302 2
135 231 2
110 365 3
21 458 3
54 292 3
39 158 3
202 433 2
316 483 1
225 415 2
191 416 2
19 83 0
19 95 0
165 459 2
351 437 0
381 382 0
99 255 2
101 321 2
97 447 2
20 35 0
24 364 1
147 466 2
57 200 3
19 477 0
61 337 3
49 455 1
130 399 2
142 338 0
51 403 1
30 285 0
155 417 0
92 107 3
411 451 3
230 272 2
130 275 0
24 185 1
104 371 3
152 311 3
115 352 0
178 385 1
220 271 0
215 246 3
111 191 0
329 371 1
259 353 2
23 288 3
306 464 1
190 249 3
60 409 1
209 462 0
65 149 2
107 367 2
173 382 3
111 265 3
69 451 2
66 324 1
22 222 3
252 423 2
292 410 3
75 218 2
466 486 2
71 355 3
116 294 2
46 154 2
178 328 3
278 288 0
20 42 1
356 489 1
10 208 2
320 474 0
260 446 3
35 333 3
301 392 3
44 375 1
100 208 2
41 364 1
283 490 3
188 209 2
43 100 2
195 254 0
287 480 3
54 345 1
154 240 0
71 205 3
99 227 0
84 304 3
4 340 3
328 477 3
235 295 1
249 287 0
313 355 0
93 437 1
49 382 3
238 289 2
4 57 0
68 173 0
4 386 1
183 195 0
347 442 1
301 310 1
128 146 3
172 284 3
113 315 1
207 408 3
147 471 1
292 358 1
133 488 2
236 299 1
67 490 0
177 211 2
387 470 0
230 322 1
67 386 2
13 340 1
320 423 0
61 159 0
96 256 1
231 451 1
315 327 3
284 299 2
127 387 1
91 154 0
161 423 2
146 383 1
113 185 2
1 219 2
104 470 3
29 392 3
175 348 3
365 366 0
2 199 3
294 434 3
122 201 0
349 452 2
219 230 0
66 216 0
323 425 2
34 219 2
16 276 3
151 294 1
309 466 0
252 469 3
178 341 2
244 293 3
302 388 3
65 165 0
324 413 3
77 329 3
160 341 3
41 208 0
349 414 2
286 434 3
41 76 2
138 372 0
20 97 1
54 304 2
265 312 2
134 485 1
217 387 2
89 186 0
200 493 0
21 258 2
67 85 3
367 376 0
37 442 3
49 283 1
6 151 3
84 359 2
275 315 0
301 420 3
213 348 2
51 214 1
255 487 2
377 403 1
74 243 3
165 448 2
241 408 2
53 208 2
452 453 3
83 222 0
155 480 3
214 422 3
147 355 0
261 391 3
121 330 1
229 375 1
137 331 1
75 225 0
271 313 1
151 212 2
19 212 1
21 103 3
283 473 1
206 248 1
461 489 2
61 188 3
102 474 3
57 280 2
85 448 1
52 173 0
70 447 1
249 473 0
64 117 1
241 476 3
147 342 1
128 239 3
181 280 0
236 462 0
284 416 3
314 329 0
16 85 3
465 476 3
423 461 2
87 98 3
235 359 2
185 243 0
1 47 2
321 395 0
121 463 2
68 322 3
193 273 1
208 420 0
352 432 1
120 443 2
52 135 0
162 228 0
180 210 2
148 367 2
123 275 3
170 255 2
463 494 2
34 111 1
376 458 1
318 450 0
54 443 1
55 70 2
11 148 1
125 208 1
332 343 0
234 388 0
229 398 0
279 304 3
165 226 2
109 133 2
468 474 0
8 367 1
20 243 2
242 269 0
114 261 3
210 286 1
301 418 0
167 190 1
123 372 0
34 163 0
162 193 0
149 187 2
302 384 1
47 248 0
97 258 3
138 291 3
126 329 1
179 250 0
260 468 2
59 69 1
27 224 3
126 401 1
213 248 2
353 439 0
90 120 0
242 456 2
32 462 0
379 398 1
29 443 0
123 310 2
172 476 2
219 402 1
208 494 3
320 433 2
92 133 1
392 492 2
158 212 2
19 465 2
401 413 1
43 478 0
86 207 3
209 257 3
13 21 1
185 366 1
75 389 0
44 378 1
171 194 0
313 320 1
52 390 0
151 215 2
131 375 2
3 26 0
272 476 1
144 451 3
24 76 0
238 379 1
178 469 3
66 428 1
155 302 2
153 433 2
437 492 2
284 430 1
5 56 1
72 283 1
7 226 0
82 136 0
123 427 2
76 125 1
366 412 1
145 358 1
314 385 3
128 401 1
178 327 2
221 401 3
6 84 3
89 269 0
120 139 0
303 389 1
147 315 2
220 349 2
30 51 1
42 283 2
301 377 3
288 441 3
47 469 3
119 400 3
117 467 2
32 344 3
78 445 3
22 332 3
336 374 1
5 207 2
19 343 0
371 464 0
346 490 2
405 480 3
130 188 1
147 321 3
16 376 0
217 322 3
191 277 0
379 404 3
173 188 0
338 437 3
390 424 1
50 488 3
296 329 0
206 479 3
9 308 1
35 237 0
146 447 1
417 453 0
20 351 3
183 301 0
393 488 0
189 241 2
287 451 3
107 136 1
223 319 3
10 89 2
395 480 2
15 158 3
221 345 1
179 353 2
109 470 3
5 445 1
131 449 3
269 436 0
267 384 3
108 274 3
3 66 2
25 472 1
96 331 2
123 280 1
25 193 1
416 489 3
64 389 1
48 107 3
241 261 1
307 398 1
258 282 2
35 283 3
51 389 2
84 371 0
98 228 2
318 435 0
34 455 1
154 493 2
158 466 3
83 479 2
71 160 3
146 163 0
249 336 0
422 440 0
89 164 2
153 295 2
209 422 0
99 215 3
65 425 1
152 334 3
163 333 3
45 359 1
166 482 2
53 282 3
189 464 3
406 453 1
222 428 0
14 195 3
100 393 0
56 329 0
274 348 2
172 198 1
55 354 1
221 386 1
75 285 0
88 258 3
132 248 0
72 482 3
85 261 2
100 487 1
181 405 2
212 362 2
14 216 2
234 462 0
77 297 2
3 426 3
132 240 2
208 334 2
45 56 0
93 268 2
122 222 3
142 439 0
315 391 2
247 483 2
19 44 2
295 407 1
220 439 0
51 208 3
77 311 0
25 400 3
319 441 2
199 283 1
110 459 1
61 83 3
152 304 2
87 456 2
112 369 3
192 349 0
80 148 0
88 333 1
158 394 1
294 449 0
73 354 0
408 476 2
207 346 1
458 485 1
234 339 1
366 439 0
255 400 2
198 480 3
260 264 0
390 474 3
16 183 0
267 299 0
143 186 3
413 446 3
164 385 1
82 377 3
133 393 2
92 306 2
178 460 1
219 464 1
96 244 3
7 385 3
120 399 2
70 383 1
122 282 1
194 483 3
29 252 3
99 411 1
33 338 0
177 383 1
394 443 3
34 138 2
250 468 1
303 314 0
231 380 0
14 123 0
61 221 0
120 313 0
170 421 2
89 245 1
219 447 1
378 480 1
211 360 3
286 297 3
311 344 2
327 355 1
98 309 1
74 408 0
259 261 3
40 232 3
176 413 2
185 345 2
239 262 2
275 425 2
176 459 2
121 223 1
229 300 1
115 448 2
255 333 2
118 471 0
343 464 0
118 415 1
204 332 2
64 456 3
198 452 3
108 161 0
277 424 3
83 271 0
213 423 3
145 190 3
208 217 1
47 61 3
167 369 1
119 181 3
239 296 2
247 413 2
250 321 0
133 379 3
89 276 1
164 321 3
369 481 3
118 269 2
315 473 1
12 173 3
90 388 2
243 381 3
248 489 0
263 479 3
204 457 2
286 488 1
352 392 1
188 349 3
14 168 3
384 447 0
110 224 0
144 471 1
18 30 3
164 172 3
292 293 3
312 439 1
16 129 3
11 43 0
120 448 3
330 462 2
270 384 3
1 409 0
383 475 2
106 442 0
109 115 0
381 439 3
114 209 1
51 448 0
9 215 0
291 297 0
15 213 0
34 35 2
484 490 3
158 297 2
34 256 0
99 456 1
191 242 2
199 396 1
33 436 0
20 353 1
111 387 1
96 284 3
214 345 1
193 255 2
140 179 0
190 359 0
117 389 0
218 384 1
119 388 1
187 334 2
249 370 0
44 445 2
78 407 1
52 119 2
211 465 2
326 490 2
326 491 0
204 318 3
113 294 0
16 42 3
286 411 3
166 211 1
77 263 1
175 383 3
394 406 3
328 464 3
285 378 3
184 468 2
275 305 1
86 162 0
269 364 1
109 493 3
12 359 1
390 408 0
402 450 1
15 61 0
248 454 2
309 473 1
221 328 2
26 298 1
53 103 3
47 462 2
69 263 3
226 493 2
29 430 2
19 178 0
298 363 3
3 60 3
400 444 1
114 434 2
284 433 2
73 454 2
118 273 0
56 195 3
329 361 3
409 446 0
150 386 3
195 293 3
180 490 1
209 253 0
365 462 2
163 403 0
48 432 0
20 73 3
313 390 1
209 477 2
74 80 0
14 314 1
22 328 2
25 164 2
237 327 3
76 293 0
58 194 1
92 161 3
69 418 3
6 111 3
66 144 3
150 242 0
233 402 3
219 334 3
74 79 0
83 255 1
14 326 3
161 337 3
443 471 0
232 365 2
237 454 2
31 105 2
158 201 0
318 409 1
405 422 0
210 217 1
73 419 3
222 445 1
149 472 3
58 484 2
410 423 1
188 452 1
56 257 0
4 54 1
63 333 1
232 424 3
8 39 2
340 422 2
345 374 3
63 121 1
157 484 0
54 254 0
163 370 2
369 379 0
259 410 0
429 488 3
120 342 1
342 402 2
27 194 0
259 438 0
344 424 2
366 481 0
8 395 1
221 407 0
116 270 3
112 472 3
61 271 3
182 488 1
329 368 3
125 455 0
18 130 2
2 83 1
249 278 0
93 415 1
14 330 3
331 468 3
84 301 3
163 269 0
84 368 1
405 458 0
129 195 3
35 356 0
124 279 0
184 345 1
288 478 1
54 436 1
119 154 3
238 426 3
236 472 3
9 127 2
215 312 0
94 389 0
211 304 0
1 150 2
277 462 0
297 305 0
417 472 2
167 366 1
109 123 1
3 374 3
273 309 1
176 331 3
181 476 1
55 312 0
189 283 2
149 255 2
84 268 2
227 421 1
5 395 2
308 323 1
374 423 1
106 297 2
98 196 1
277 302 3
343 423 2
41 254 1
211 271 3
287 434 3
91 459 3
259 460 1
68 408 2
143 349 2
79 92 1
202 338 2
257 259 2
254 275 1
76 411 3
88 401 3
163 231 3
271 346 2
176 475 3
203 432 3
111 447 0
58 447 1
74 116 3
164 229 2
32 109 3
337 471 0
60 181 2
99 382 0
72 436 2
295 480 1
438 490 2
73 323 0
92 341 0
231 350 0
211 292 1
276 307 3
236 491 1
343 490 1
242 336 1
46 209 0
86 238 1
188 439 1
377 479 1
103 241 2
93 438 0
109 114 3
55 216 2
292 471 1
182 430 1
116 220 3
101 457 0
25 421 0
141 360 2
342 365 0
23 52 1
314 363 1
363 485 0
267 357 0
198 482 0
396 461 3
121 150 3
47 307 3
267 431 2
148 393 2
88 187 0
260 340 3
12 287 0
258 408 0
37 172 3
139 252 3
22 249 0
138 167 2
206 305 1
82 195 0
22 432 2
109 139 1
164 453 0
81 223 1
48 390 1
60 243 3
323 360 1
60 347 2
185 392 0
56 353 2
370 477 0
22 405 3
32 93 3
4 494 3
112 149 2
155 309 2
13 467 1
312 448 3
359 373 0
275 428 1
327 390 1
20 424 2
63 357 3
155 384 2
31 135 3
258 321 1
235 260 3
256 315 1
58 243 2
260 469 1
333 401 3
113 259 0
158 487 2
250 281 1
114 366 0
46 151 1
106 279 2
81 186 3
337 482 3
360 403 3
133 310 2
320 348 3
249 285 3
15 116 0
13 14 2
135 291 0
47 371 2
170 488 0
330 386 0
338 451 1
93 288 0
104 275 1
1 408 3
276 287 1
93 449 1
243 493 2
431 492 1
161 448 1
33 197 1
56 162 0
296 479 2
48 189 1
151 487 0
4 389 2
410 494 1
202 246 0
393 481 1
244 365 2
345 468 0
184 401 0
185 443 0
293 423 1
103 458 1
348 477 3
450 467 3
161 365 1
22 493 1
63 76 2
62 141 2
84 283 1
52 215 3
55 385 1
171 259 2
162 481 2
254 424 0
270 449 1
70 113 1
4 220 3
281 482 3
130 272 0
204 320 1
85 166 2
92 272 0
170 350 3
16 472 1
111 244 3
284 438 1
31 355 3
365 392 3
4 20 3
45 332 2
305 428 1
236 393 2
67 122 3
152 178 0
390 397 2
201 422 2
201 412 0
68 332 2
248 272 2
2 441 3
435 474 0
134 358 1
330 414 3
415 492 1
25 49 2
307 324 1
186 409 1
334 478 0
288 363 2
383 404 0
187 383 3
374 401 1
342 494 0
106 222 0
2 346 3
378 415 3
38 464 1
189 458 0
240 245 3
228 465 0
79 237 1
63 104 0
14 488 3
57 234 3
430 457 2
158 327 3
51 295 2
36 375 0
242 464 1
6 403 3
98 193 2
383 461 0
125 265 2
58 162 2
379 494 3
1 183 1
45 297 1
45 156 0
17 73 1
12 304 0
325 385 3
253 420 2
92 300 0
58 366 0
39 373 3
92 258 3
323 401 1
338 367 1
92 469 2
261 415 0
119 438 0
58 91 1
7 224 3
39 450 0
219 367 3
460 473 0
41 409 0
131 366 1
141 493 3
30 181 0
381 476 2
299 443 3
95 175 2
239 297 3
298 380 2
172 401 2
29 66 1
405 453 1
199 285 0
422 434 0
39 223 0
382 431 2
34 233 0
19 34 2
282 400 3
271 471 3
103 483 1
130 385 0
21 378 1
112 475 3
204 259 0
31 263 2
186 418 0
145 385 1
30 233 1
119 120 0
180 226 1
278 336 2
294 457 0
16 245 2
211 493 2
36 315 3
281 400 2
31 455 2
242 250 0
39 80 0
124 199 3
17 239 0
3 171 2
168 327 3
173 472 2
108 278 2
269 415 3
54 205 3
128 195 3
99 298 2
248 408 1
208 352 0
392 490 3
4 49 0
257 451 0
27 314 2
292 331 3
281 394 1
73 328 2
363 414 0
18 401 1
10 57 1
183 403 1
14 385 2
277 330 0
61 305 3
49 147 0
159 262 1
75 475 0
195 452 3
409 439 1
197 377 0
148 289 2
176 458 2
23 154 0
24 292 2
89 466 1
125 131 1
164 473 1
6 38 1
285 348 3
32 36 2
249 288 3
125 238 3
90 266 1
9 86 3
147 250 3
32 475 1
125 437 3
196 376 2
36 281 3
102 466 3
142 401 3
286 430 3
161 162 2
24 359 3
186 438 0
121 337 1
280 444 0
155 226 1
190 206 2
261 331 0
380 415 0
347 350 1
190 486 3
20 178 1
248 488 0
157 390 1
202 296 2
178 402 0
71 131 0
42 67 3
166 239 0
41 57 2
129 280 3
174 188 3
93 215 3
189 221 0
4 310 0
300 408 0
301 415 2
139 344 0
343 471 0
115 346 2
359 406 2
182 344 3
101 263 2
211 287 0
102 467 3
301 340 1
324 365 3
152 286 0
221 267 3
348 479 1
9 433 0
127 240 0
150 305 2
311 423 3
87 366 3
61 112 2
178 482 1
239 423 2
56 156 1
152 365 3
31 111 2
100 293 1
181 487 0
320 494 3
9 343 0
173 192 2
224 299 2
130 427 3
112 122 1
39 256 1
280 358 1
57 230 1
119 299 3
178 268 1
204 284 3
120 317 1
105 227 3
46 415 3
270 404 1
168 406 0
114 458 2
271 416 2
33 402 1
321 466 3
118 173 2
248 449 1
154 425 3
98 493 2
265 389 3
222 294 3
10 250 0
324 368 3
458 487 0
123 387 3
113 258 3
99 425 0
69 165 3
26 101 2
123 269 2
429 441 3
181 410 2
18 423 0
36 122 3
194 472 1
170 182 1
220 332 2
64 486 2
403 476 0
57 305 1
345 375 3
92 200 2
55 241 2
177 204 2
227 235 0
149 381 2
424 463 3
6 27 1
259 384 1
33 300 3
244 372 3
426 476 1
125 409 3
57 107 3
165 215 3
334 480 1
301 373 2
325 474 2
170 240 3
221 222 1
26 135 3
126 362 1
41 194 3
271 280 1
327 434 3
91 430 2
88 113 0
13 200 2
120 413 3
254 386 2
270 321 1
18 74 0
210 337 1
65 235 0
122 256 3
172 213 2
37 64 3
159 363 1
309 447 3
253 437 3
99 447 3
11 107 1
42 224 0
80 297 3
46 49 3
175 438 3
418 420 0
181 379 3
80 457 1
16 432 2
19 38 2
40 493 2
63 211 3
267 476 1
293 353 2
98 458 2
325 434 1
251 267 2
119 478 1
49 413 1
411 427 2
297 491 3
28 113 1
71 145 1
36 127 3
88 153 3
28 473 3
243 350 2
179 207 2
109 110 0
188 422 1
172 186 1
206 428 2
98 381 3
11 473 3
111 309 3
286 472 0
148 150 1
41 299 0
123 175 0
121 220 1
89 135 3
240 242 2
71 155 0
39 457 3
380 391 0
239 431 1
73 440 3
115 350 0
122 263 0
42 415 2
298 336 1
335 470 2
29 51 0
147 155 0
18 262 2
62 310 0
200 404 0
309 470 1
331 412 0
152 432 0
46 375 1
428 447 1
95 260 0
103 187 3
2 81 1
124 469 3
154 403 0
151 402 2
227 481 3
40 62 1
142 317 2
399 467 2
17 90 1
37 272 0
161 269 0
345 380 0
42 184 2
198 292 1
125 243 3
337 338 2
82 446 2
364 476 3
101 456 3
13 171 3
183 367 1
189 227 3
304 448 3
166 323 2
333 443 2
60 233 3
73 171 0
104 132 2
309 427 2
79 388 0
39 163 2
87 402 1
80 401 2
86 202 0
291 410 3
74 158 1
212 298 1
9 271 2
157 267 3
378 494 2
19 299 0
306 381 1
63 270 0
231 365 1
406 418 3
417 439 2
301 325 3
24 43 3
343 367 2
268 492 1
367 461 0
121 322 1
158 412 2
313 491 1
138 173 0
123 287 3
162 459 1
50 282 3
44 273 3
43 158 1
86 165 3
76 178 0
73 164 1
111 261 3
145 482 2
219 470 3
323 459 3
175 207 2
228 345 1
33 434 2
154 443 0
154 330 2
42 473 0
128 417 3
99 158 2
382 432 0
123 304 3
197 440 2
266 437 2
133 339 3
280 297 3
165 392 1
6 323 2
252 378 0
353 469 3
235 281 1
134 233 1
196 457 2
159 437 0
447 475 2
228 291 3
257 456 1
243 459 0
115 132 2
96 181 1
374 426 3
18 384 3
17 115 1
13 384 1
317 447 2
221 444 2
285 462 0
28 141 3
5 133 0
230 367 2
49 275 1
255 474 2
346 459 0
15 291 1
371 446 2
249 413 2
410 428 1
178 375 0
156 227 2
93 409 2
263 443 2
230 490 3
92 468 2
391 430 2
279 342 2
193 422 2
159 406 0
359 474 1
83 238 3
263 385 2
145 297 1
41 429 2
38 381 2
102 108 2
171 464 2
118 230 0
160 380 3
396 488 1
19 311 3
265 311 2
110 479 1
354 396 2
344 438 0
217 400 2
23 242 2
132 352 0
26 410 3
59 385 0
139 247 0
197 438 3
46 314 0
130 356 2
87 238 1
181 249 0
447 491 1
272 411 1
157 383 0
104 198 0
68 279 0
48 182 0
153 329 2
410 464 1
241 474 0
56 276 0
275 415 3
435 488 3
14 317 0
122 220 1
66 93 1
206 423 0
18 327 3
27 375 1
55 164 3
182 332 3
78 266 3
55 480 0
325 485 0
302 404 2
46 351 1
121 469 3
112 164 2
288 373 2
270 300 3
407 410 1
240 264 3
120 493 3
5 123 2
166 378 3
34 346 1
136 354 3
90 421 0
11 191 2
15 389 1
89 229 3
148 318 1
144 331 1
186 239 0
349 446 3
32 351 1
33 260 0
223 357 2
19 346 0
24 237 0
137 375 0
396 446 0
23 55 1
60 298 2
9 32 1
22 477 2
220 325 1
211 426 1
128 215 3
113 269 2
312 383 0
285 460 0
65 109 3
274 442 3
58 206 3
274 359 3
166 213 2
267 348 3
450 491 1
100 474 1
76 263 0
280 394 0
99 428 2
299 483 1
1 176 0
250 264 1
217 436 2
202 374 1
160 339 0
242 387 0
201 284 0
257 363 1
405 487 0
153 467 2
156 367 1
107 262 3
105 262 2
151 170 3
81 351 2
163 404 2
284 315 3
122 274 2
203 205 1
391 402 0
160 284 1
54 274 3
14 260 2
13 22 1
98 470 0
134 411 0
74 469 0
36 224 3
69 474 1
154 482 1
91 246 1
42 422 1
183 471 3
236 425 1
344 369 1
113 297 1
100 254 0
23 253 1
87 330 0
105 394 1
340 477 3
282 407 1
254 323 0
336 394 2
151 490 3
80 145 2
37 93 3
173 206 2
188 230 0
180 196 3
134 327 0
311 488 1
47 403 1
103 443 0
334 417 0
12 18 2
169 460 2
107 243 0
438 478 3
137 377 2
438 474 0
24 210 3
225 335 1
466 480 0
223 421 2
386 422 0
261 305 0
2 137 1
55 227 1
327 335 0
116 363 3
97 176 0
34 230 3
130 424 3
45 374 3
141 205 2
47 341 0
267 272 0
116 222 1
99 200 2
210 278 0
78 252 2
108 136 2
59 444 1
198 235 0
142 460 3
129 267 1
23 224 3
259 279 2
212 337 0
95 159 3
114 494 2
124 356 0
444 473 0
11 117 0
138 441 3
346 450 3
61 326 1
61 228 2
199 291 1
12 475 1
136 490 1
19 310 0
110 370 2
187 433 3
118 442 0
161 401 0
68 432 0
32 376 2
253 317 0
271 427 2
267 358 2
13 101 1
414 436 3
117 208 2
117 119 1
68 407 3
24 47 2
375 376 1
41 50 3
146 237 2
150 195 2
44 172 0
144 212 1
413 475 0
1 162 0
140 488 3
178 290 1
144 193 3
72 108 1
257 470 2
30 293 0
235 315 2
173 387 3
39 359 1
261 368 3
188 401 0
57 69 2
378 456 0
55 122 1
89 216 1
288 294 3
388 407 1
31 48 1
118 184 2
248 350 1
449 478 2
152 212 0
120 158 0
56 259 0
89 410 1
63 316 3
4 156 2
84 434 0
68 382 1
327 469 0
283 390 1
44 454 0
161 243 3
50 284 3
250 492 1
19 485 3
109 177 1
183 201 2
251 455 2
200 333 3
202 457 0
272 304 2
333 358 2
80 442 2
109 383 0
49 442 0
70 85 0
37 397 0
129 328 1
31 476 1
362 483 0
263 269 2
140 228 0
307 346 1
226 403 2
318 390 2
161 472 3
74 275 1
32 476 2
96 263 1
35 390 2
103 200 2
29 399 2
107 240 2
412 447 0
215 455 0
31 473 2
217 405 0
65 107 0
79 384 0
261 315 3
43 370 1
86 298 0
42 206 0
171 264 0
13 120 1
179 363 2
279 429 2
232 403 3
34 365 2
29 236 2
268 278 0
238 317 0
64 121 0
318 319 2
37 96 3
196 445 0
67 411 2
7 300 0
44 209 3
62 172 1
177 205 3
53 278 1
131 369 1
53 242 3
10 55 2
387 445 0
124 334 0
305 479 1
443 493 0
188 421 2
395 448 1
25 78 2
118 355 2
252 475 0
68 155 0
362 443 0
35 235 3
258 412 1
120 334 3
52 444 2
85 190 0
388 456 2
55 463 2
48 414 1
332 381 1
162 329 2
289 331 0
256 289 0
65 474 1
31 167 2
112 141 3
26 293 0
92 228 1
10 329 0
42 114 3
74 293 2
134 188 0
178 319 0
250 306 3
228 293 0
162 252 2
31 199 1
342 457 1
188 466 1
37 268 0
86 376 2
262 341 1
88 450 0
452 461 0
79 450 1
240 247 3
325 378 1
187 236 0
91 263 3
310 457 0
132 358 2
7 8 2
346 411 2
54 492 0
44 115 0
122 150 2
7 351 0
11 128 2
257 435 1
289 439 2
402 446 2
92 222 1
258 423 1
195 286 0
76 403 2
88 129 0
163 249 2
53 476 1
115 314 2
332 340 0
82 246 0
256 481 3
86 198 3
17 403 0
252 456 3
75 450 2
206 435 2
130 222 0
421 470 2
223 386 1
214 374 3
71 316 3
380 400 2
373 404 3
157 183 3
163 450 0
341 440 3
108 241 0
47 235 0
18 196 3
409 483 3
230 467 1
135 426 2
32 40 3
30 450 0
332 428 3
170 334 1
86 439 3
19 388 2
238 457 0
311 374 2
17 379 3
131 269 0
344 447 3
227 299 3
165 404 3
245 306 0
26 486 2
433 480 3
3 203 0
113 190 3
200 490 0
75 109 2
74 339 1
246 250 3
89 234 2
77 136 3
414 452 0
33 284 2
250 413 3
103 369 0
203 399 2
291 407 1
67 181 0
352 418 1
21 55 2
185 368 1
61 354 1
72 461 3
363 462 3
193 331 0
443 467 0
223 325 3
67 126 3
34 46 0
3 131 0
287 367 1
402 445 2
158 355 0
255 481 3
1 255 1
11 180 1
421 488 1
1 144 0
290 431 0
269 447 2
127 128 2
205 428 3
77 123 0
87 474 1
35 322 0
79 474 3
205 258 1
175 244 1
79 99 1
24 78 2
65 124 1
144 202 0
233 310 2
363 401 1
3 339 3
166 380 2
269 320 2
50 248 0
60 490 3
96 203 0
86 255 2
225 313 3
221 266 0
164 192 1
43 52 0
28 123 2
211 247 1
103 247 2
239 313 2
96 449 3
54 315 2
28 45 2
267 382 3
451 476 3
77 179 2
91 113 0
124 322 1
128 182 0
16 391 3
143 174 1
273 414 2
115 438 1
121 431 2
75 130 1
34 56 1
48 52 0
325 464 1
107 388 1
262 462 1
46 156 2
68 493 3
101 276 2
69 449 1
379 461 2
67 284 1
188 295 1
365 368 3
352 393 0
49 206 3
284 345 2
137 392 2
91 387 0
122 410 3
87 444 2
181 399 1
301 436 0
116 268 1
256 487 0
226 453 3
212 222 1
83 279 2
207 466 2
218 387 1
61 328 1
362 408 2
83 172 2
218 245 3
13 135 0
15 197 3
186 223 0
10 148 3
174 410 2
5 422 0
250 434 3
265 347 3
97 468 0
35 65 3
197 468 2
54 226 0
115 135 1
159 390 2
34 146 0
347 444 1
268 288 1
4 408 2
87 428 1
3 278 2
212 484 2
218 278 0
331 345 0
149 230 2
65 153 2
247 355 3
453 462 3
334 399 2
153 361 0
155 197 1
291 328 2
6 249 3
272 284 1
212 440 2
105 131 0
86 266 2
125 436 1
11 126 2
113 122 3
153 447 2
299 347 3
288 448 3
191 364 3
416 473 1
326 388 1
32 373 1
319 427 2
162 240 3
345 366 1
241 278 1
346 375 0
226 276 1
212 216 0
93 237 3
352 489 1
302 393 1
383 488 2
204 321 2
230 426 0
55 302 1
76 222 3
250 284 0
17 198 1
361 451 0
69 485 0
133 298 0
74 238 2
183 316 2
413 435 3
195 281 0
268 387 1
10 399 1
295 431 2
296 490 1
52 399 3
214 405 2
56 357 3
107 418 1
252 445 2
22 237 0
375 488 2
380 475 0
99 359 3
229 278 3
340 404 1
108 266 0
85 305 3
146 470 2
70 295 0
286 427 3
358 482 0
27 34 3
323 324 2
376 426 2
104 270 0
180 314 1
122 305 2
181 452 3
11 210 1
263 329 3
243 481 2
29 333 0
13 103 2
114 420 2
367 460 1
63 68 0
307 373 0
34 402 0
421 461 0
306 417 1
235 288 0
196 269 2
442 475 1
61 487 3
439 490 3
198 272 2
213 354 3
45 72 2
55 272 0
225 416 0
377 385 0
147 331 0
304 338 2
5 17 2
252 392 3
315 373 3
375 415 0
254 392 0
12 243 0
201 229 0
201 354 2
429 439 2
265 337 3
129 130 0
229 326 3
117 397 3
319 321 1
25 95 0
353 479 1
451 466 2
44 349 0
217 446 0
232 363 3
249 260 0
364 492 0
23 135 3
22 468 2
209 329 2
30 275 0
175 227 3
329 354 3
165 385 2
126 448 0
141 303 3
94 253 0
233 330 2
251 274 2
89 392 2
417 488 2
302 381 1
149 244 2
273 467 0
65 221 1
165 369 1
366 466 3
64 333 0
147 237 2
98 400 3
51 291 2
23 48 1
312 355 3
38 386 2
68 388 3
215 294 1
98 433 3
21 405 2
48 319 2
145 353 2
62 135 2
358 391 2
126 159 0
178 216 3
96 230 0
320 356 2
10 24 2
217 371 2
87 311 2
31 62 1
114 456 3
419 420 3
34 104 3
41 357 2
137 236 2
325 415 3
319 432 0
109 424 0
22 184 1
15 482 3
197 455 2
99 406 0
260 365 0
308 404 0
215 476 2
151 460 3
171 196 1
223 352 2
51 457 3
54 91 3
123 334 1
334 482 1
197 299 2
141 177 2
390 426 3
212 485 2
60 388 2
416 430 3
358 381 2
81 356 0
238 391 0
6 415 3
216 241 0
262 351 3
113 151 3
110 241 2
261 322 2
152 480 1
65 236 3
162 169 3
273 466 3
116 267 0
190 389 2
205 387 2
288 418 1
193 387 0
63 108 3
92 198 3
44 443 3
379 457 1
276 424 0
163 256 2
212 381 2
189 344 0
351 367 2
133 477 1
104 279 0
19 409 2
184 338 2
276 437 3
9 34 3
297 446 2
350 447 2
117 415 3
248 311 2
10 254 1
117 446 1
71 368 0
115 267 3
346 400 3
101 248 2
338 479 1
211 398 3
52 465 1
397 413 0
25 319 0
279 391 0
191 493 0
336 389 2
289 302 1
94 353 0
35 62 1
237 428 0
269 432 0
75 169 2
226 262 3
73 341 1
136 442 3
329 333 3
222 310 0
269 440 3
137 321 2
11 436 3
83 302 1
99 184 2
166 179 3
234 440 0
29 257 1
256 449 2
446 482 1
21 366 3
16 158 3
368 464 0
6 460 2
112 433 0
190 260 1
225 429 1
196 254 2
285 419 2
150 437 1
206 481 0
15 218 1
75 198 1
274 390 0
84 221 1
49 122 0
163 459 1
54 425 1
129 216 0
171 182 3
164 386 0
320 458 3
63 450 3
179 204 0
76 133 2
117 417 3
421 485 1
160 237 0
175 220 2
28 362 2
15 313 1
397 406 3
70 471 1
3 236 3
21 348 3
8 427 1
23 377 3
119 328 1
464 483 0
337 404 1
14 160 0
87 190 3
35 469 3
101 394 0
275 342 2
293 397 1
228 282 0
40 49 1
4 145 2
37 45 0
196 474 3
194 431 1
165 216 2
283 349 1
341 404 3
160 228 3
411 466 1
117 371 3
112 220 1
131 445 0
214 263 3
307 406 3
206 406 0
265 363 0
430 431 2
18 108 3
245 424 1
21 33 3
396 476 0
77 327 2
63 458 0
330 477 1
122 245 0
338 369 3
234 490 2
259 434 0
170 304 0
200 444 0
24 383 2
287 303 3
77 288 0
118 481 2
32 124 0
19 475 1
32 50 1
159 367 2
240 417 3
193 423 1
110 227 0
3 308 1
133 303 0
27 298 0
46 210 2
28 269 0
7 30 1
267 412 2
318 461 0
172 427 1
229 461 2
166 333 0
76 141 3
272 287 3
225 277 3
91 394 3
237 374 3
31 439 2
331 418 1
85 251 2
78 273 3
75 358 1
141 480 2
72 155 1
31 38 2
74 392 1
411 433 2
319 469 2
77 202 0
113 265 3
37 254 1
442 482 2
8 85 0
252 333 2
229 319 2
78 465 0
243 408 1
159 194 1
152 226 1
181 481 3
272 277 0
43 181 0
45 186 2
11 104 0
244 408 2
324 465 3
40 449 1
186 313 2
281 325 1
71 456 0
144 336 0
80 390 0
10 147 2
285 377 2
2 129 2
392 471 1
128 193 3
250 388 2
314 358 3
49 215 3
118 313 2
26 317 3
68 143 0
60 423 1
142 328 2
268 297 2
273 431 1
184 405 0
98 438 0
7 145 0
158 277 1
168 371 2
143 163 1
29 373 3
22 329 1
322 451 3
334 385 1
240 380 1
289 358 0
9 243 1
131 164 3
285 303 0
49 334 1
242 343 0
193 270 0
279 487 1
20 368 1
145 437 3
16 51 3
36 285 3
290 438 3
19 272 2
141 359 1
251 483 3
210 318 0
59 386 1
1 422 1
473 479 2
110 364 2
134 454 2
16 356 0
191 325 0
214 467 2
461 479 1
12 327 0
303 459 1
287 326 2
185 440 1
22 48 0
235 410 0
113 191 1
286 371 1
123 395 3
14 87 2
73 219 2
125 271 3
149 401 2
7 50 2
244 369 1
397 486 2
209 265 1
299 378 1
89 385 1
263 318 3
115 142 1
149 398 0
28 221 2
85 358 2
104 319 3
259 457 1
26 347 3
34 95 1
9 465 2
256 394 2
81 473 0
51 385 1
68 88 1
166 288 3
191 448 1
461 486 1
259 446 2
390 444 0
312 399 1
207 381 0
103 193 0
177 430 3
253 306 2
113 260 1
177 201 0
127 265 1
257 349 0
321 346 3
72 412 0
110 295 0
115 289 2
290 455 2
117 472 3
109 320 1
146 279 0
3 142 3
139 174 1
98 128 3
83 259 0
189 284 1
37 239 2
181 437 3
187 477 0
108 123 1
105 110 1
322 388 3
143 405 2
195 382 2
245 418 2
443 479 0
120 395 1
30 342 2
412 455 2
260 268 2
84 89 2
433 491 1
80 452 0
15 115 1
48 171 1
163 309 2
45 189 0
71 349 2
71 366 2
276 423 3
385 434 0
123 487 1
210 458 2
159 468 3
77 200 3
41 156 0
359 421 3
161 407 2
192 240 3
401 435 2
39 308 1
449 480 2
65 207 2
31 442 1
10 279 3
273 280 1
304 494 1
90 243 1
68 91 0
213 418 2
37 335 3
113 137 3
194 379 3
8 463 1
161 466 1
53 113 1
46 471 1
117 307 2
96 130 2
106 488 0
235 360 3
377 429 3
139 251 0
107 438 0
246 356 3
5 316 0
177 352 1
72 356 0
98 256 0
179 488 3
93 191 1
342 354 0
157 329 0
28 145 2
138 185 2
98 440 3
175 313 1
48 116 2
437 481 3
67 429 2
388 432 3
371 476 3
16 478 3
48 437 0
51 257 3
196 393 1
58 341 2
66 435 0
224 391 1
319 363 2
65 485 0
6 205 2
324 372 3
1 195 1
24 317 1
383 395 1
109 342 3
100 147 1
27 426 3
2 111 3
64 357 3
198 403 3
317 327 2
76 277 2
16 29 1
68 133 3
23 180 2
192 367 1
282 358 0
149 361 3
47 142 1
279 388 1
90 305 2
301 334 2
131 229 2
291 447 0
150 261 3
203 218 3
94 231 1
114 158 2
15 150 2
71 340 2
285 346 1
212 410 2
19 400 2
7 392 2
82 491 3
94 109 1
7 219 3
117 319 1
87 103 3
34 405 2
99 140 2
280 416 1
255 288 3
129 191 0
298 322 1
16 91 0
283 345 1
48 147 3
61 106 1
367 421 2
175 358 2
20 164 3
6 261 1
248 365 2
97 163 0
89 303 1
47 181 1
206 348 0
217 323 2
195 233 2
109 438 1
29 37 2
137 411 0
49 185 1
141 471 1
233 329 1
102 140 3
211 233 0
165 191 3
155 426 1
34 238 2
13 199 1
22 74 1
202 274 0
218 315 3
168 221 2
384 464 1
116 299 2
109 285 1
59 185 1
5 214 1
160 398 2
225 364 3
28 441 1
330 464 3
80 477 2
109 323 1
340 347 0
141 454 0
4 10 2
111 165 3
71 358 3
308 473 0
129 465 1
125 353 0
101 110 3
116 342 0
2 95 2
308 461 1
292 468 1
301 389 0
77 399 0
342 360 3
242 251 1
131 450 3
399 426 2
76 343 3
349 391 1
50 356 1
193 246 1
7 421 3
153 405 3
200 258 1
191 341 0
16 336 3
30 306 1
7 13 2
87 362 2
156 181 3
167 345 3
40 85 0
316 452 0
96 395 2
286 346 0
60 77 0
370 380 0
232 392 1
390 477 1
99 106 1
166 316 0
49 171 0
307 360 2
150 427 0
115 157 3
62 443 2
395 403 3
244 402 2
160 433 3
312 440 3
210 369 3
167 233 0
14 41 0
18 24 0
50 458 2
181 445 0
257 328 2
385 410 0
103 244 1
64 250 3
22 428 2
233 246 3
47 75 1
76 111 3
358 433 0
117 224 2
27 289 3
310 339 0
56 314 0
336 488 1
251 329 0
162 492 0
226 418 2
269 363 1
232 314 1
12 397 1
103 296 1
270 325 1
32 320 0
168 200 3
175 212 2
35 281 0
92 340 0
99 431 0
118 282 3
121 308 0
61 482 1
210 484 2
18 307 1
360 466 1
140 322 1
370 423 0
375 424 1
284 379 1
314 492 0
155 312 3
73 491 3
68 296 1
73 263 3
325 447 2
202 476 1
220 281 2
122 241 0
168 369 3
353 434 3
138 318 0
100 194 0
243 401 0
266 287 3
237 411 0
5 394 1
149 251 0
206 447 2
142 310 3
93 163 3
52 203 1
188 438 0
106 249 0
114 127 3
73 240 2
329 424 3
116 476 2
135 324 0
204 325 0
27 106 2
46 419 2
40 271 0
141 408 0
190 364 0
354 434 2
114 273 2
295 309 2
309 462 0
129 419 3
269 384 2
208 311 2
165 235 3
328 483 2
431 443 3
37 229 1
18 169 3
114 483 2
104 205 1
126 380 1
242 453 3
222 338 3
148 385 1
100 494 0
50 337 3
49 379 2
335 403 2
92 148 3
69 291 3
184 267 0
218 468 3
139 152 0
363 417 0
183 433 2
95 463 1
286 310 1
438 470 1
293 481 0
204 226 3
185 186 1
130 489 3
78 188 0
87 265 0
195 439 1
409 484 1
113 462 3
314 337 1
39 58 0
115 310 2
240 353 1
65 443 2
89 402 3
287 313 2
408 451 0
283 442 0
360 479 0
20 206 3
131 477 3
26 214 0
297 376 2
162 405 3
12 474 1
133 395 0
95 371 1
225 466 2
297 323 0
194 380 0
40 125 2
115 316 0
203 242 3
121 408 1
76 86 1
167 419 1
62 366 3
261 342 3
138 260 0
304 422 1
77 445 0
21 156 0
220 230 2
75 390 3
114 338 2
90 295 3
15 258 1
319 450 3
209 283 0
137 492 3
6 147 1
128 186 3
75 322 3
83 126 0
86 353 0
101 438 2
201 371 2
238 400 1
46 413 0
364 483 1
242 289 0
242 254 3
22 94 3
56 255 1
97 115 1
51 244 1
254 262 1
124 438 2
123 274 1
45 57 3
5 187 2
25 451 2
134 171 1
365 422 1
254 257 3
79 489 3
146 180 3
453 475 0
12 444 0
21 192 2
206 220 3
257 469 3
165 266 3
74 256 1
345 445 2
138 365 2
72 242 2
102 426 0
373 418 2
11 481 2
20 289 0
111 141 2
21 307 0
19 390 2
348 434 1
59 176 2
134 306 2
226 450 1
149 157 0
318 440 1
266 457 3
342 366 3
212 429 3
107 290 2
218 470 2
334 377 1
173 367 1
161 419 3
324 362 2
99 258 3
63 69 0
17 482 0
59 380 0
69 444 1
181 192 3
247 415 0
108 120 3
227 374 0
186 479 0
151 305 2
56 407 3
87 279 3
342 493 1
84 285 1
143 450 2
13 31 2
353 370 0
49 362 2
171 407 0
37 350 3
3 392 3
98 335 3
44 241 2
247 303 0
210 267 0
369 460 2
34 225 0
234 299 2
34 474 3
130 466 0
42 252 0
118 428 3
224 342 0
285 371 1
405 448 3
139 304 0
102 216 3
337 376 0
152 364 1
144 435 1
452 478 0
81 289 1
18 482 2
229 443 3
315 389 1
87 480 3
21 61 1
12 305 1
20 218 1
207 413 0
236 290 3
294 395 2
388 437 1
5 210 2
143 328 2
311 394 3
235 451 2
9 310 1
22 407 1
368 396 2
39 118 3
160 243 0
13 96 2
239 263 1
25 471 3
193 478 0
175 356 1
154 355 2
291 299 3
185 247 2
162 207 2
295 375 1
162 409 2
4 105 0
42 446 1
172 489 0
17 131 3
13 401 1
218 425 0
199 305 2
303 492 2
361 474 2
211 319 1
370 445 2
155 261 1
343 381 2
48 361 0
136 484 3
14 453 2
25 313 1
136 464 2
61 67 3
59 212 3
60 167 0
51 446 3
364 373 2
12 28 3
3 194 3
69 72 3
27 120 0
156 337 0
164 330 3
243 455 1
20 209 0
196 338 2
179 324 0
348 469 2
428 442 3
44 262 1
146 324 1
101 396 2
303 378 2
22 254 3
117 488 2
160 200 0
154 189 3
104 434 0
6 490 0
4 365 0
205 221 3
176 243 3
65 77 3
166 257 0
51 263 0
163 456 3
224 377 1
74 271 2
89 394 1
102 187 0
331 377 1
60 75 1
11 24 0
74 282 1
158 420 3
186 325 0
251 302 1
154 344 1
71 284 2
20 319 1
274 441 2
309 483 0
215 387 2
234 424 0
202 306 2
251 431 3
2 358 1
254 329 0
424 494 3
152 380 2
54 461 3
143 387 0
304 383 2
223 402 0
169 374 3
169 312 3
144 494 2
38 165 0
38 219 0
121 251 0
394 479 1
41 138 3
189 452 1
327 470 0
50 237 1
25 229 1
68 306 0
108 188 1
175 249 3
304 412 1
195 231 3
56 138 3
252 401 0
104 454 3
159 334 2
78 105 2
273 405 2
9 275 3
415 426 2
334 401 1
213 227 2
25 100 2
54 56 0
241 361 2
226 389 2
111 164 2
316 475 1
44 343 3
53 317 0
202 464 3
35 335 3
67 153 3
121 315 1
115 198 0
5 8 2
242 272 1
15 350 1
118 260 3
12 36 1
107 281 0
145 485 0
214 270 1
349 393 2
264 433 0
36 369 0
439 484 2
220 306 3
195 229 0
16 19 2
329 405 2
429 442 1
1 145 0
74 125 3
21 444 0
356 466 2
371 378 3
75 210 1
102 295 1
161 451 0
149 300 0
52 324 1
41 195 3
381 477 1
62 224 2
346 451 3
298 394 0
100 333 2
3 100 2
153 484 3
95 126 3
199 455 3
140 313 3
347 416 0
3 11 0
229 273 3
349 455 1
242 265 1
53 351 3
1 455 3
53 251 0
172 480 1
61 379 2
106 397 2
41 386 2
227 242 2
150 436 3
33 477 3
16 463 3
156 297 3
29 204 1
297 410 0
445 486 2
388 445 2
11 470 0
111 125 3
61 258 1
46 88 1
36 394 1
422 457 1
249 477 0
86 224 2
3 403 0
120 182 2
62 192 0
120 192 0
310 448 2
143 286 1
313 382 3
259 472 1
255 324 2
124 386 1
36 135 2
354 423 2
351 412 3
5 431 0
239 346 1
40 142 0
32 170 1
270 287 0
41 130 2
99 127 2
368 369 2
179 455 1
32 456 0
12 439 0
44 366 0
1 272 1
255 440 3
134 243 2
30 114 3
157 402 2
293 472 1
56 262 1
62 429 2
214 457 0
239 319 3
198 353 0
319 371 3
313 408 3
58 438 0
102 422 2
105 134 2
43 200 2
220 387 0
85 415 2
20 275 1
105 116 2
71 334 0
283 366 0
181 397 3
194 449 3
22 358 2
113 444 2
162 175 3
128 493 0
117 174 3
34 231 2
105 157 3
407 448 0
192 242 2
303 470 1
150 491 3
242 267 2
133 467 3
293 427 3
145 147 2
178 448 0
81 171 1
238 489 2
358 370 1
8 233 1
46 281 0
270 347 1
196 494 0
147 447 1
206 256 1
127 130 0
4 482 2
141 301 0
40 119 0
266 328 2
108 351 0
230 306 3
54 266 0
36 147 0
291 378 2
244 411 3
139 490 0
250 411 1
335 486 1
269 293 2
201 478 3
32 186 3
49 407 1
31 261 3
352 391 3
91 440 3
223 405 3
238 284 2
17 414 1
20 301 0
4 326 3
136 179 0
9 355 2
243 336 3
189 240 2
34 160 1
172 250 2
2 359 1
46 368 2
364 408 1
97 400 2
415 448 1
206 483 2
179 337 2
151 162 1
89 327 2
67 142 2
17 354 3
205 433 2
39 356 3
270 328 1
137 200 3
147 214 3
331 358 2
103 290 1
235 280 3
243 342 1
127 486 3
199 344 3
93 98 3
17 425 0
108 378 2
126 331 2
34 240 1
162 450 2
21 218 2
43 420 1
208 411 1
88 335 1
27 44 3
483 494 0
53 250 2
181 337 2
27 31 3
173 362 3
177 189 2
445 446 1
151 462 2
315 344 0
14 85 2
64 135 1
44 140 1
21 441 3
10 132 1
232 297 0
159 186 1
176 469 1
138 295 3
129 336 3
155 173 2
281 352 3
363 455 3
89 181 2
72 288 1
434 493 2
52 134 3
34 327 0
263 417 3
149 288 1
15 191 0
67 376 0
170 246 1
275 477 1
151 360 2
86 97 2
278 442 0
135 454 2
228 309 0
40 192 3
232 325 3
174 221 1
232 383 0
281 392 1
243 395 0
124 318 1
10 362 0
293 367 2
4 383 0
193 491 2
146 162 0
14 462 0
99 351 3
236 416 0
81 314 2
255 457 2
78 469 1
82 178 2
380 407 1
202 375 3
55 287 3
311 474 2
31 51 0
33 261 0
63 149 1
179 451 2
296 318 2
237 431 0
394 447 0
81 110 2
114 269 2
191 421 3
427 478 0
73 365 1
165 323 1
62 394 1
298 471 2
138 180 3
274 285 0
284 335 2
7 377 0
225 448 3
294 431 3
142 155 0
242 288 3
157 426 2
21 431 3
197 354 0
301 338 0
63 356 0
230 250 0
142 481 2
343 399 3
93 363 0
21 312 1
29 121 3
243 245 0
1 69 3
176 278 2
277 282 1
7 120 2
45 216 1
127 363 1
4 252 1
290 343 2
160 189 3
163 291 3
61 89 1
77 444 3
389 430 0
336 471 1
182 470 3
191 219 2
377 404 3
26 103 0
266 400 3
54 80 2
48 180 2
259 336 1
244 383 3
41 79 0
123 376 2
66 279 1
35 481 2
39 470 3
193 241 1
29 201 0
64 123 0
345 450 3
416 481 0
4 234 1
425 448 0
86 331 3
24 144 0
309 437 0
204 464 2
89 420 2
26 459 2
62 84 1
7 32 2
169 271 2
64 307 2
21 332 1
276 372 3
171 394 2
271 456 3
268 410 1
151 157 2
254 352 3
369 463 0
464 490 3
55 62 2
44 58 2
182 246 1
304 374 1
222 424 1
48 369 0
71 445 3
189 196 3
51 103 0
246 458 2
18 86 1
40 52 1
43 278 1
6 267 3
156 351 3
190 332 3
125 300 1
306 442 3
9 475 0
190 347 3
120 289 0
331 364 1
38 188 1
313 419 0
3 47 0
330 471 0
80 303 0
97 164 0
402 451 0
177 370 3
71 338 2
279 399 0
174 310 1
94 132 3
310 421 0
21 427 2
59 124 2
106 381 0
91 432 0
75 197 3
22 198 0
225 274 0
137 142 3
38 154 2
18 157 3
217 448 3
30 333 3
226 486 0
367 445 2
56 182 0
397 482 1
206 489 0
106 198 3
134 337 0
78 277 0
22 427 2
116 463 1
204 407 0
6 271 3
52 245 3
203 379 1
335 466 3
286 454 3
49 325 0
299 420 0
411 461 1
27 160 2
156 218 1
221 366 1
340 411 1
130 315 0
198 201 3
184 310 3
153 478 3
302 454 2
157 159 0
331 379 2
157 399 3
411 476 2
264 376 2
117 414 2
130 136 1
36 289 2
173 466 0
48 200 1
205 242 3
401 486 3
146 370 3
42 171 1
23 404 1
147 398 0
126 343 1
148 327 2
381 456 3
74 160 3
17 74 3
8 100 2
224 255 1
184 229 1
107 452 1
132 239 2
17 455 2
193 352 1
76 353 1
16 340 0
92 195 1
118 410 3
188 456 2
382 474 3
243 294 2
74 250 2
2 318 3
88 410 1
86 420 2
154 368 2
54 278 1
4 16 2
89 464 1
116 398 2
84 174 3
83 461 2
55 329 3
237 344 1
382 462 2
75 278 0
265 342 0
328 461 1
181 426 1
139 326 2
232 358 2
195 353 3
139 338 2
290 331 0
308 396 1
42 477 3
124 479 2
179 356 2
168 317 2
30 212 2
23 100 1
88 472 2
279 330 2
120 187 1
473 490 0
182 375 3
91 137 3
67 234 2
83 199 1
161 437 0
226 492 1
96 321 1
1 260 2
61 225 1
413 473 0
52 457 0
21 57 2
214 458 0
270 395 1
226 267 0
123 322 3
71 158 2
37 156 3
146 323 3
166 390 3
79 224 3
72 304 0
69 407 3
25 260 1
15 162 2
16 394 0
343 350 1
121 410 0
318 384 0
82 400 0
201 416 2
29 92 3
37 50 2
145 181 2
197 393 1
342 445 3
164 401 3
174 472 2
238 459 1
124 267 1
438 450 2
292 335 2
31 361 2
25 143 3
97 185 0
61 119 2
337 428 1
102 146 2
30 405 2
216 297 3
40 273 2
432 479 0
117 237 2
137 286 0
178 417 0
63 98 2
317 394 0
67 132 2
384 472 0
43 404 0
168 202 2
51 348 3
116 128 3
111 280 1
63 387 3
40 219 2
175 285 0
8 412 2
151 445 3
198 474 0
341 494 2
56 358 1
29 462 2
282 387 0
411 424 2
118 125 1
123 443 3
87 218 1
19 414 0
107 162 0
100 252 2
303 408 2
67 407 1
148 454 2
108 190 1
313 465 2
332 349 0
187 417 3
23 64 0
28 162 1
17 344 0
140 365 0
97 211 1
77 379 0
82 469 0
212 290 2
8 336 2
85 298 1
10 426 2
367 389 0
144 425 3
110 329 3
70 116 2
184 256 0
244 262 0
305 345 1
108 311 3
46 276 0
402 486 1
128 443 2
49 381 0
164 200 1
100 294 0
98 457 3
390 475 3
324 484 1
18 227 3
105 137 3
126 407 0
48 455 3
28 305 2
12 174 1
82 217 1
163 227 2
12 268 1
10 225 0
143 335 2
304 434 1
78 184 3
161 464 1
328 449 3
74 145 3
207 209 1
281 444 2
67 432 3
62 199 2
174 208 3
322 450 0
70 304 2
303 387 0
75 93 0
377 486 2
156 335 3
74 240 2
95 482 2
373 383 1
29 282 1
112 176 3
145 461 2
264 305 0
68 103 0
111 412 2
160 196 2
158 304 2
22 362 2
128 335 3
88 132 0
89 490 2
138 278 0
49 173 1
98 247 2
53 114 3
422 451 2
4 12 2
62 430 0
49 141 0
38 278 1
49 414 0
118 175 2
26 476 1
181 398 1
49 463 1
67 91 3
293 378 3
164 480 0
29 273 2
31 142 3
108 331 2
69 110 1
2 4 1
143 148 0
143 462 1
29 244 2
350 404 2
74 291 3
271 406 2
103 350 1
63 311 3
5 47 1
18 381 2
290 365 0
37 194 1
185 212 2
103 161 2
73 246 3
89 188 2
229 359 3
67 103 2
36 114 3
355 392 3
73 94 2
27 301 0
203 375 3
120 244 0
260 466 0
141 380 0
267 410 2
408 445 3
443 469 0
97 161 0
182 468 3
178 251 1
12 133 3
149 355 1
14 55 2
11 396 3
232 347 0
111 156 3
29 149 0
9 430 0
258 356 2
146 345 2
12 19 0
338 388 2
38 58 0
168 421 1
21 394 2
104 341 3
52 377 1
88 289 0
202 393 1
71 437 1
15 83 1
49 327 3
56 81 2
142 202 1
390 476 2
163 469 2
131 377 0
197 453 1
33 231 3
234 296 1
273 376 3
254 475 1
10 231 1
153 434 2
103 325 1
82 141 3
156 233 3
270 388 3
282 318 1
119 173 0
120 446 1
7 160 0
132 493 2
182 321 1
13 444 0
22 410 3
234 400 3
340 393 2
136 460 2
248 427 1
253 452 3
273 437 1
321 436 0
226 472 3
225 452 0
287 468 0
289 460 3
85 416 0
326 449 2
178 396 0
127 284 3
382 428 2
39 484 0
368 430 0
35 247 1
22 76 2
342 481 3
156 175 3
338 359 0
353 424 3
118 447 2
29 360 3
214 325 2
251 429 2
190 462 0
327 353 3
85 196 3
206 324 3
67 82 0
329 379 3
11 67 1
374 467 3
216 447 2
307 331 0
249 384 0
227 320 1
145 211 2
424 492 0
16 139 0
122 311 2
80 228 3
68 240 3
371 453 1
60 277 0
240 266 2
356 467 1
93 230 2
153 441 2
159 340 3
189 453 1
22 205 3
25 403 3
289 371 0
11 341 0
3 248 0
361 384 0
306 372 1
58 134 2
51 476 1
112 337 1
208 397 0
141 216 0
329 427 1
310 383 2
85 179 3
96 143 2
335 342 0
228 286 3
62 327 0
232 429 1
267 349 0
42 338 2
317 398 0
224 333 2
145 254 1
197 446 0
176 468 0
75 249 0
152 333 3
213 336 0
362 414 1
287 493 3
1 164 3
225 380 3
20 54 0
46 345 2
389 454 3
162 218 1
173 299 1
151 352 3
150 296 0
15 286 1
125 250 1
345 359 2
169 424 0
92 326 2
85 238 3
327 389 0
203 314 1
144 233 1
95 99 0
25 60 2
14 107 3
264 381 1
170 233 1
178 206 3
98 138 1
173 341 0
160 473 1
292 487 1
338 470 1
206 333 1
217 411 0
198 340 1
19 133 1
307 426 2
222 373 2
47 320 0
175 176 2
107 297 0
426 431 2
21 25 0
105 216 0
87 231 3
55 453 1
8 371 2
107 131 2
96 492 1
110 323 1
82 232 3
134 191 3
142 432 3
144 287 2
31 295 1
72 301 2
132 412 0
71 258 3
215 483 3
430 455 3
269 339 0
160 332 1
280 482 0
156 386 3
179 468 2
194 488 2
5 444 3
53 428 0
250 469 2
75 250 1
98 489 2
256 284 3
39 152 3
400 420 2
112 346 2
34 42 3
203 441 2
408 417 0
35 149 3
251 281 1
364 457 3
74 132 0
366 395 3
97 308 3
149 454 0
143 472 3
5 291 2
114 250 1
23 94 2
227 283 3
221 356 1
30 281 1
166 418 1
345 346 3
108 423 1
162 304 2
148 212 0
367 465 0
142 228 0
244 389 0
50 354 2
51 270 3
62 93 1
196 259 3
113 398 1
95 335 0
77 474 2
104 406 1
20 130 1
11 459 1
421 462 1
57 321 3
326 358 2
54 79 2
269 271 3
149 476 3
351 425 1
47 429 2
299 494 3
48 222 3
43 139 1
65 447 2
428 484 1
176 427 1
153 260 1
15 249 2
246 261 2
52 94 2
168 184 1
46 47 0
10 345 0
46 245 0
103 163 2
142 436 0
129 340 0
3 258 1
186 399 3
405 408 3
115 148 3
60 360 0
8 431 1
220 382 2
52 154 0
224 226 1
104 246 0
24 430 2
351 404 2
22 30 1
217 426 0
215 261 2
235 342 0
409 490 2
67 241 0
195 290 3
478 488 0
35 72 1
126 239 0
287 317 1
10 30 1
180 421 2
198 333 0
203 303 2
203 389 0
19 265 3
303 358 1
254 341 1
125 230 2
340 381 2
81 101 0
164 344 2
4 345 0
136 170 3
227 312 2
94 155 3
34 59 2
139 159 3
43 165 0
43 51 2
33 135 0
96 293 2
286 473 0
208 283 1
45 249 2
200 211 1
322 445 1
107 339 2
364 395 0
117 293 0
277 490 1
95 220 2
41 485 3
69 162 3
282 474 3
52 379 1
159 183 2
207 243 3
439 442 2
242 301 0
345 353 3
62 177 0
11 244 2
258 322 2
112 311 2
60 313 2
264 412 3
13 65 0
153 400 2
108 389 3
169 376 1
343 459 2
159 366 0
109 143 2
121 324 0
159 264 2
446 491 0
122 332 1
449 459 2
79 290 0
257 414 0
87 339 0
163 233 3
96 400 3
147 273 0
34 151 3
43 147 2
16 128 2
212 346 2
150 418 0
62 289 3
426 483 3
13 337 1
269 450 2
29 323 3
82 154 3
62 107 0
5 413 2
142 457 0
243 375 3
187 227 3
33 136 3
243 426 0
132 336 1
4 94 2
101 431 1
154 353 1
290 383 2
57 437 3
200 310 2
119 398 0
37 336 3
405 485 2
81 460 2
21 240 0
348 362 0
69 167 0
157 213 3
190 419 0
119 353 2
439 460 1
82 336 3
198 220 3
409 487 1
53 354 2
206 311 2
65 87 0
346 371 0
367 467 3
93 425 0
21 59 3
55 473 3
34 330 0
32 302 2
110 265 3
169 183 1
303 426 3
9 420 1
345 464 2
23 342 1
192 297 2
272 368 2
159 328 3
68 109 2
45 124 0
41 121 2
198 458 3
375 407 0
122 363 1
282 403 2
83 311 3
232 236 0
214 302 0
400 413 3
392 476 0
189 312 0
400 481 3
127 243 3
19 258 1
3 189 3
438 459 0
93 402 3
152 422 1
260 482 1
320 473 1
90 302 0
151 199 1
444 459 0
7 442 3
213 356 1
245 456 1
42 449 3
116 465 0
65 139 0
170 484 2
83 187 3
222 396 1
441 461 1
261 408 3
49 440 0
174 455 3
69 125 3
123 429 1
11 25 2
90 254 0
265 299 0
150 272 2
164 416 2
248 276 2
162 443 1
133 327 2
255 415 2
192 214 3
178 438 0
65 481 3
201 485 1
158 250 3
45 196 3
28 135 3
281 420 2
210 432 2
61 118 2
186 326 1
11 400 3
198 212 0
402 494 2
230 260 0
63 485 0
136 222 1
146 361 2
51 473 1
292 351 2
19 46 1
3 378 1
44 77 3
335 385 1
54 410 0
21 489 1
118 320 2
161 351 1
131 188 3
62 119 1
172 264 0
187 270 2
348 446 1
63 146 3
189 339 3
214 333 2
23 131 0
353 405 3
34 92 1
361 407 3
201 207 0
257 461 3
27 352 0
269 307 2
50 383 1
79 82 2
68 401 3
53 248 1
47 184 1
151 278 3
91 307 2
27 255 0
144 206 3
201 484 2
9 91 2
270 295 3
72 136 3
372 444 3
186 352 2
214 261 0
233 368 1
268 378 1
94 95 2
26 36 3
64 339 1
143 158 2
486 493 1
132 331 3
229 360 3
3 113 0
65 88 3
53 155 0
318 424 1
365 446 2
231 299 1
287 382 3
20 404 3
261 413 2
194 432 0
242 308 3
156 248 2
46 53 2
275 464 2
23 34 1
162 206 0
30 316 2
80 120 3
99 474 2
485 494 1
117 219 3
50 381 3
110 454 2
10 16 0
64 311 2
313 388 2
90 472 1
176 198 0
158 431 0
192 476 2
343 349 0
45 276 3
80 109 2
1 3 0
8 149 2
93 414 2
185 346 3
267 403 0
101 383 2
363 489 3
261 320 3
396 487 1
391 487 0
23 458 3
106 469 2
266 327 2
439 452 0
199 217 2
179 256 2
13 292 3
139 414 1
141 487 3
54 87 0
261 348 2
10 37 3
266 392 0
121 197 2
351 417 1
286 397 0
162 465 0
335 490 1
56 311 0
246 456 1
28 443 3
411 482 0
178 293 2
59 343 3
290 333 1
90 475 1
15 201 0
84 446 0
34 189 3
436 452 2
124 137 1
303 377 0
204 435 3
148 192 2
125 186 0
193 335 2
321 450 1
119 489 3
276 309 0
88 368 3
121 241 2
54 170 2
65 462 0
218 220 1
280 439 2
53 180 3
96 110 3
81 264 2
218 253 0
41 388 1
100 184 0
238 422 0
63 152 3
330 407 0
252 336 2
52 90 1
333 432 2
96 197 1
17 55 3
145 421 2
98 419 3
114 166 2
67 271 0
199 327 1
92 260 1
229 241 1
187 427 3
101 150 1
267 359 2
125 442 3
167 176 3
71 291 1
35 202 3
88 481 1
268 468 0
453 481 1
263 307 0
103 291 1
379 408 2
35 319 0
119 138 1
107 433 0
180 197 2
62 124 3
170 241 1
77 367 2
85 339 0
78 248 3
191 250 1
131 155 0
334 407 3
80 422 1
19 145 0
342 433 3
24 118 0
283 314 0
285 354 1
220 225 1
293 474 0
138 327 3
373 384 2
138 449 1
203 253 2
299 352 0
84 175 0
247 364 3
69 439 0
174 446 2
55 99 3
278 444 1
438 482 1
11 295 1
446 494 3
276 439 0
50 444 1
123 308 1
272 273 2
308 407 0
210 334 2
138 298 3
38 234 2
139 203 2
138 276 3
104 106 0
119 140 2
212 453 0
186 262 1
232 372 1
370 419 0
269 390 3
36 92 0
88 146 1
80 387 2
224 369 2
5 480 2
169 493 2
85 218 3
309 376 2
54 143 1
382 387 1
77 468 0
118 130 0
233 491 0
163 255 2
135 399 1
152 237 0
28 75 2
87 167 1
91 225 2
287 393 3
135 367 3
1 35 3
13 105 2
208 392 2
11 241 1
23 273 2
17 422 0
64 247 2
108 465 1
11 37 3
145 444 1
376 489 3
119 423 1
154 412 1
388 446 0
84 381 2
221 292 0
200 472 0
35 141 2
195 429 1
339 445 0
182 291 1
62 64 0
17 161 2
15 276 1
6 18 0
262 437 3
206 217 3
24 56 3
86 352 1
208 463 1
55 235 2
189 420 2
278 298 2
318 323 3
298 485 3
167 356 0
235 442 1
14 382 1
54 154 2
89 132 1
323 410 1
32 324 2
144 429 0
8 134 1
98 181 2
362 385 2
390 439 0
98 305 1
327 444 3
166 470 3
197 310 3
290 460 0
348 395 1
335 339 2
257 312 3
182 212 0
47 390 3
223 481 2
77 158 2
28 294 0
26 134 1
64 127 2
451 487 3
76 319 1
110 318 0
127 439 1
2 51 3
279 453 2
253 298 3
379 433 1
389 489 1
195 360 0
94 117 0
51 315 3
389 415 3
185 396 3
122 346 2
290 444 0
126 318 1
54 85 1
272 449 0
42 134 0
46 432 2
74 447 1
114 125 2
231 461 2
79 84 0
180 443 1
62 238 3
11 445 2
13 164 0
90 346 1
92 132 0
80 364 3
95 106 2
226 296 0
48 99 0
132 268 3
90 238 1
216 300 3
109 219 2
69 114 1
46 297 1
121 215 2
321 483 3
136 212 3
182 402 0
375 416 2
3 333 2
433 452 0
396 435 0
321 401 0
47 287 3
14 280 1
145 379 2
125 318 0
91 171 2
411 479 2
115 239 0
144 215 3
308 449 3
111 436 3
75 244 1
35 84 1
437 475 0
14 394 2
189 442 0
94 266 0
119 275 3
79 471 3
18 372 0
83 131 2
18 37 2
178 435 2
170 394 1
20 272 0
50 317 2
129 420 0
59 431 2
72 429 3
108 455 2
340 438 2
203 211 2
65 379 2
287 314 2
203 353 0
294 389 3
7 184 3
27 190 0
73 224 2
180 245 3
165 183 3
267 408 3
457 491 2
13 299 2
150 313 3
314 462 1
278 450 1
311 446 1
218 244 2
104 368 2
81 121 2
392 453 2
44 60 1
110 467 1
89 486 2
209 225 2
302 362 1
106 329 3
197 494 2
9 187 3
99 264 3
181 258 3
71 86 3
114 401 2
214 282 0
8 42 1
60 303 2
202 209 0
242 486 2
62 469 0
116 187 3
110 267 2
120 224 1
63 190 2
253 376 2
15 359 0
144 209 0
82 475 2
359 456 3
142 435 0
156 294 0
31 45 3
341 479 0
56 333 1
193 372 0
412 420 0
156 366 3
120 393 3
50 189 2
107 258 0
277 438 2
24 494 0
47 124 3
94 248 3
216 305 3
18 57 0
60 458 1
102 124 2
288 289 2
313 447 1
301 361 3
161 465 1
57 294 2
243 292 2
229 481 2
192 208 0
131 444 3
100 136 0
247 275 1
93 388 0
41 108 2
220 248 2
222 335 2
87 183 3
180 482 3
170 409 2
297 452 0
151 227 1
24 246 2
413 481 2
31 121 0
15 479 1
7 201 3
64 317 1
278 418 3
404 446 0
112 460 0
317 348 0
217 359 0
109 416 1
366 433 1
48 191 1
137 166 0
41 314 0
24 205 3
23 61 0
367 447 0
102 342 3
31 211 2
370 479 3
232 377 0
68 236 3
269 407 2
135 313 3
256 461 2
48 118 0
336 473 1
225 481 1
298 386 3
108 381 0
11 29 1
260 427 3
57 258 0
46 370 3
186 441 3
40 305 1
247 289 1
281 466 0
257 355 2
145 231 2
15 110 1
96 229 3
377 397 0
304 393 3
15 425 3
39 97 1
347 429 1
222 315 2
21 163 3
96 402 1
414 460 2
128 249 3
138 183 2
336 421 1
342 480 1
122 414 0
242 260 0
76 132 0
26 180 1
68 307 1
121 323 3
89 177 3
161 201 1
261 367 1
173 378 2
112 288 2
254 319 2
123 428 0
228 252 1
182 203 1
73 78 0
97 107 1
266 348 3
235 243 1
214 244 1
48 420 1
111 195 1
257 388 2
4 14 0
228 450 2
27 29 2
3 442 1
354 480 0
142 444 0
120 332 3
13 457 3
41 319 1
280 313 2
136 327 2
359 380 1
274 364 3
154 217 3
353 401 1
169 205 2
53 275 1
12 340 3
32 286 3
277 349 2
277 351 2
117 425 1
70 104 1
163 164 0
4 15 2
266 492 2
52 490 2
276 337 1
94 486 0
42 108 2
136 176 0
45 482 1
135 141 1
202 253 2
37 481 1
211 441 1
275 325 0
13 448 0
253 455 1
19 104 1
115 288 1
5 221 3
174 237 2
448 466 3
285 304 0
311 355 0
326 442 0
168 413 1
260 432 3
153 468 0
13 355 3
63 257 3
55 181 0
372 408 1
247 330 1
210 236 2
261 354 3
193 293 1
14 272 3
98 151 1
389 423 0
283 480 2
52 366 2
327 433 1
346 424 2
55 226 0
153 342 2
42 173 0
42 254 1
54 346 1
125 360 2
451 469 2
220 329 1
196 373 3
22 330 2
247 287 0
332 486 0
136 270 3
364 404 3
18 472 1
260 478 3
245 263 3
233 378 1
159 278 1
405 429 2
210 344 0
51 178 3
155 428 2
42 311 0
345 355 2
219 440 0
249 312 0
15 228 1
309 312 0
463 479 0
67 88 2
259 309 0
130 150 1
217 352 0
347 483 3
222 244 3
23 461 0
45 313 0
133 210 2
213 408 0
68 164 3
189 355 1
215 219 3
29 261 2
126 492 1
9 10 3
360 423 0
293 447 0
114 300 1
235 272 2
11 331 0
194 428 0
326 391 0
164 298 2
251 446 2
51 157 0
181 229 1
112 169 0
68 454 0
205 358 3
228 247 3
349 432 3
197 473 3
214 290 0
141 326 2
123 324 3
17 23 0
139 331 3
205 452 3
1 472 1
330 374 2
138 213 2
293 479 3
29 207 2
224 470 3
25 298 1
248 373 0
144 388 0
1 163 1
47 292 0
56 283 1
49 162 1
27 460 3
491 493 1
127 389 3
40 174 1
381 407 0
89 286 0
152 320 3
109 381 3
197 426 1
237 246 1
353 467 2
37 92 1
163 224 2
98 347 1
5 185 3
30 132 2
405 434 2
134 227 3
263 408 2
1 351 3
39 350 1
180 295 0
51 283 3
115 477 1
249 262 0
32 164 2
159 270 2
132 211 2
40 263 2
203 233 1
205 364 0
340 353 1
56 66 0
168 386 0
391 437 0
224 412 1
176 380 3
205 451 1
140 238 1
76 283 3
8 486 3
76 449 0
44 180 1
24 129 0
353 468 2
81 377 1
74 189 0
170 307 0
189 266 3
23 57 2
264 282 1
33 168 1
125 215 1
42 118 3
13 475 0
99 236 1
100 199 2
33 229 2
154 336 0
365 379 0
274 431 2
25 487 2
202 413 3
210 227 0
4 61 0
204 243 0
249 265 3
164 472 1
12 238 3
143 444 0
157 207 3
218 378 2
139 395 3
332 425 1
125 349 3
221 378 0
98 210 2
344 390 0
42 61 3
261 307 3
149 295 3
164 347 3
26 62 3
310 474 0
254 355 2
223 257 1
91 377 2
75 316 1
184 359 3
196 292 2
249 294 2
194 344 0
252 355 2
261 333 2
147 444 0
149 414 0
252 429 0
108 354 1
316 406 2
152 194 1
168 304 3
224 441 3
141 263 1
187 231 2
46 371 3
173 315 2
108 482 1
236 253 1
80 263 1
128 471 0
151 373 0
193 222 3
133 205 1
335 367 3
65 291 1
425 443 2
143 304 3
372 400 3
21 358 2
306 402 2
66 470 0
143 184 0
343 368 3
120 310 1
224 291 0
1 311 0
18 361 2
271 469 0
11 66 2
32 418 1
231 487 2
66 218 2
142 192 0
188 491 2
77 480 3
139 143 0
308 334 2
28 219 2
191 466 1
404 478 2
41 268 3
194 206 3
72 425 0
268 394 1
337 494 2
172 382 3
112 404 0
83 188 3
183 451 2
265 336 0
87 95 1
56 111 0
35 270 0
170 491 3
154 269 3
409 422 1
253 442 1
151 320 2
378 447 0
150 470 3
164 362 3
4 5 2
39 339 3
196 341 2
45 473 0
155 286 1
239 252 0
63 124 1
57 432 2
329 349 0
138 275 1
8 441 2
22 231 3
374 402 0
402 489 1
405 461 2
379 460 0
436 445 0
3 294 3
137 193 0
141 183 3
255 271 3
87 109 3
148 472 0
23 494 0
144 177 3
47 202 2
224 292 0
280 343 1
373 455 3
32 387 2
14 112 3
346 461 0
110 273 0
122 365 0
432 466 2
32 148 1
316 447 3
63 287 1
226 253 0
46 214 1
53 363 3
6 180 2
295 314 0
43 111 2
157 295 2
126 197 1
83 343 0
257 392 1
168 210 1
215 411 3
122 159 0
177 335 1
27 214 2
41 225 2
207 277 0
87 233 1
177 447 0
277 469 1
212 218 0
171 428 3
116 177 2
69 338 0
280 483 2
216 330 1
183 216 1
11 309 2
265 395 3
231 255 0
62 257 2
262 269 1
13 223 3
5 455 1
303 326 1
209 430 3
134 270 2
210 434 3
188 489 3
389 470 2
17 83 3
315 414 3
197 244 2
284 341 0
160 317 1
115 395 3
433 487 1
80 489 0
90 400 2
339 437 3
254 409 1
387 471 0
229 259 1
79 385 2
137 365 3
224 252 0
274 416 3
63 256 0
221 398 0
26 222 0
426 445 2
85 142 1
206 358 1
440 485 3
293 403 2
457 461 0
7 233 3
241 465 1
29 84 1
113 445 1
353 382 0
351 472 2
88 137 3
328 475 0
32 101 1
295 304 0
344 465 0
100 265 0
93 316 3
120 123 1
207 355 2
30 249 1
232 309 3
49 196 3
301 469 1
17 491 1
173 355 2
50 178 2
80 449 3
237 424 2
179 246 3
200 368 3
324 390 2
330 420 2
399 441 1
339 364 2
172 391 1
13 411 0
170 260 3
52 160 2
124 397 0
28 215 2
338 383 0
200 312 2
25 175 2
10 265 1
274 437 1
66 439 0
347 480 3
176 437 0
325 392 3
186 249 2
249 304 1
329 332 3
322 424 1
91 244 0
225 242 2
78 400 0
115 159 3
128 257 2
253 473 0
93 262 3
14 422 0
83 254 1
203 459 3
219 372 1
15 365 3
125 473 0
291 360 3
9 235 0
368 371 1
228 428 2
3 62 3
191 230 0
37 403 3
220 457 1
246 386 1
57 271 3
247 290 3
225 283 3
339 487 3
108 270 2
66 355 1
260 326 0
228 356 0
53 295 0
29 181 0
452 489 2
179 460 3
324 346 0
127 365 3
380 412 0
149 334 0
51 275 1
19 487 1
125 372 3
89 485 0
264 289 0
428 437 0
118 358 1
18 340 1
389 456 2
14 237 2
321 474 1
215 474 1
31 298 3
374 481 2
11 174 1
183 401 3
352 460 2
185 315 0
140 433 2
118 477 0
53 343 3
153 360 3
268 323 0
89 249 3
384 484 0
115 432 2
115 462 3
12 449 3
120 262 1
386 475 3
204 225 1
193 432 0
125 489 3
160 273 3
176 262 2
260 373 2
16 410 1
108 287 3
248 256 2
162 178 2
16 408 3
99 142 0
145 276 0
136 141 3
16 161 0
177 460 2
4 460 0
144 322 2
106 160 2
153 425 1
79 105 0
61 206 2
57 355 2
272 466 3
32 457 0
234 493 3
56 146 0
308 368 2
276 428 0
48 335 0
372 485 1
177 325 0
99 470 3
146 192 1
357 453 0
286 369 2
88 93 2
114 313 3
67 108 1
184 248 1
96 490 2
250 383 3
158 242 1
130 487 2
161 169 3
35 346 0
381 492 3
253 300 0
250 317 3
242 428 2
194 255 0
9 121 3
223 294 0
18 490 0
161 383 0
133 463 2
76 381 0
231 460 3
30 488 3
36 61 0
370 374 0
79 322 1
216 285 0
81 335 0
1 56 3
75 245 1
61 98 2
244 260 3
172 180 2
190 484 0
82 201 0
14 134 0
48 74 1
119 387 2
1 475 3
176 285 3
246 260 2
32 307 3
348 356 2
223 277 0
157 346 1
29 78 1
25 113 3
1 34 2
124 422 2
29 43 0
85 372 3
91 326 0
82 431 0
420 427 1
88 255 0
61 287 3
116 199 3
127 135 1
202 474 1
179 346 2
84 263 0
184 290 3
489 490 0
65 178 2
67 231 2
6 375 1
59 461 3
179 382 2
201 338 1
36 138 1
54 311 3
56 416 1
20 113 2
10 258 1
282 324 0
102 232 1
140 239 3
75 265 0
150 290 3
80 110 3
15 417 3
361 446 0
115 167 3
141 231 2
39 75 0
139 212 3
92 104 0
35 491 1
426 467 2
14 429 0
153 343 0
95 382 2
435 447 0
84 448 3
48 245 3
146 167 1
119 374 0
153 392 0
264 408 3
75 313 1
266 451 1
29 243 2
37 314 2
79 494 0
205 439 0
219 344 2
263 482 2
174 445 3
114 283 3
325 422 3
259 322 3
12 91 0
123 343 3
260 310 0
36 152 0
160 203 2
66 272 3
284 444 2
75 260 3
324 414 2
358 441 3
25 220 1
30 359 0
37 114 2
196 375 3
48 276 2
234 263 2
73 395 2
309 429 1
104 477 2
198 239 3
68 331 3
219 412 1
220 270 1
81 251 3
94 323 1
110 260 2
360 399 0
102 147 2
177 353 1
376 387 3
181 408 0
233 461 1
219 269 2
292 469 0
190 429 3
92 335 1
301 323 0
21 414 3
53 320 1
35 455 2
265 296 1
86 482 2
82 372 3
201 345 2
2 85 1
14 468 3
218 242 2
40 308 0
263 475 3
209 335 2
284 397 0
141 243 0
152 336 0
296 431 1
101 247 3
168 242 0
28 90 3
347 466 3
78 171 2
87 398 3
221 413 3
163 477 2
294 440 1
199 216 3
19 66 0
151 189 1
334 378 2
396 477 0
45 209 2
322 390 0
3 78 3
228 361 1
408 458 0
284 420 2
368 474 0
308 489 2
8 419 0
282 471 3
124 417 0
19 55 3
403 493 3
52 474 1
56 204 2
99 244 0
50 349 1
80 292 0
317 382 3
258 334 0
393 443 2
227 304 1
82 183 3
124 436 2
183 271 1
131 394 2
136 458 2
82 289 1
34 460 1
126 328 1
403 429 2
49 154 0
106 434 1
297 414 2
144 183 0
151 259 1
69 492 0
330 413 1
208 432 0
262 481 3
93 451 1
1 283 3
477 494 1
105 387 3
14 481 1
123 267 2
148 206 2
16 434 3
40 216 0
156 188 0
66 315 3
164 371 2
37 358 1
41 211 3
18 385 0
34 257 1
10 323 0
144 343 0
258 416 2
272 398 3
14 106 1
156 377 1
53 342 2
290 330 2
76 315 1
1 209 2
300 400 2
153 164 1
115 442 3
78 186 1
84 140 0
124 473 3
110 254 0
21 207 1
63 427 0
415 429 3
90 138 1
310 350 0
211 218 0
432 447 3
188 235 1
226 327 2
350 408 3
68 485 3
188 287 1
111 137 1
236 445 1
61 333 0
302 406 2
13 234 2
241 271 3
98 125 2
286 292 1
272 410 0
193 209 0
120 345 2
414 481 2
264 274 3
161 393 1
280 289 0
191 251 0
420 464 0
27 125 3
58 123 1
72 470 2
91 408 3
167 333 1
143 451 2
300 462 1
263 473 3
235 417 0
194 241 3
420 428 3
41 66 0
301 342 2
233 382 3
313 381 2
145 407 2
334 398 1
9 389 0
119 486 3
230 491 2
131 478 1
148 478 3
160 221 2
238 241 3
296 445 1
66 150 2
170 284 2
111 175 3
263 384 2
4 404 2
44 459 1
312 403 0
115 470 2
167 413 0
395 422 3
280 368 3
21 447 1
37 437 1
14 421 1
279 357 2
151 313 0
13 405 3
203 262 0
55 375 1
153 364 1
158 278 3
105 146 0
165 187 2
7 366 2
72 336 2
332 347 3
120 403 3
108 295 0
322 446 2
231 456 1
15 329 3
100 338 0
71 88 0
30 238 1
15 152 2
7 102 0
13 86 1
64 355 3
249 335 1
339 441 2
65 72 3
70 267 3
370 490 3
337 468 3
348 357 1
35 61 1
187 306 1
32 353 0
52 142 2
200 323 3
22 338 0
194 399 0
4 489 0
296 358 3
37 300 3
5 364 3
34 488 0
328 435 2
100 131 3
143 320 2
303 491 2
34 64 0
290 298 0
377 379 2
294 335 0
352 400 1
85 132 1
203 326 1
115 217 3
437 474 3
126 275 3
189 326 3
180 349 1
81 490 1
355 366 1
187 475 1
264 494 3
85 263 3
270 396 3
158 308 2
81 234 2
53 288 0
176 334 3
275 329 0
94 110 0
148 332 1
40 349 3
37 426 1
31 383 0
230 233 1
20 397 2
111 279 2
15 420 2
141 315 1
13 187 3
319 485 1
212 270 0
327 392 3
313 439 1
6 287 0
206 238 3
242 261 2
72 490 3
168 251 0
258 259 2
275 423 1
432 487 2
254 306 3
169 225 1
147 314 0
99 329 1
11 50 2
8 291 2
164 272 1
39 418 3
101 155 2
242 368 0
121 484 2
55 68 0
46 150 1
319 463 1
56 65 1
110 330 0
2 247 3
109 185 3
74 191 3
156 430 0
155 459 1
110 415 0
129 201 3
46 229 1
450 477 2
150 180 1
30 88 3
147 351 0
4 207 3
165 230 2
174 340 0
221 312 0
190 375 3
213 476 1
160 199 3
312 479 1
144 418 0
28 42 1
103 342 2
35 42 0
359 491 3
229 280 1
71 373 3
214 477 1
321 350 0
137 204 0
112 402 0
250 258 0
188 461 2
135 462 0
126 165 2
99 137 1
149 276 2
117 188 2
162 326 3
23 41 3
345 459 1
135 271 3
46 346 3
140 467 3
182 380 3
202 252 3
247 306 1
125 480 3
110 205 1
249 272 3
281 439 1
177 423 1
268 331 0
19 194 1
130 291 0
114 281 1
22 54 0
122 439 0
141 459 3
317 442 1
105 241 0
40 50 1
13 407 2
5 369 0
253 260 1
29 140 3
73 368 2
328 492 2
95 192 2
121 152 3
407 474 3
27 440 0
388 481 0
42 63 0
282 440 3
61 409 1
340 402 0
162 187 1
260 431 0
34 325 2
85 479 0
242 404 3
98 281 3
59 303 0
37 438 0
260 438 0
369 395 2
76 83 1
348 410 3
2 80 0
150 373 1
258 421 1
376 383 3
326 417 2
147 424 0
17 348 0
62 336 1
220 354 1
58 401 0
301 407 2
80 372 0
20 376 3
9 129 0
183 409 2
259 432 3
70 134 3
274 432 0
7 69 1
410 445 1
173 302 3
211 244 1
102 317 3
168 461 3
104 250 0
164 379 2
72 309 0
104 249 1
151 386 3
106 421 3
337 447 0
294 378 0
241 419 1
52 325 0
74 183 0
37 60 3
20 134 0
179 490 3
129 207 2
342 418 3
137 233 3
2 54 3
231 457 3
106 203 1
123 234 1
50 327 1
321 467 0
153 350 2
140 300 2
227 302 2
269 399 0
52 200 1
35 221 1
101 421 3
213 308 3
103 274 2
63 224 3
216 339 1
309 361 1
60 185 2
17 481 1
51 326 1
193 378 0
18 434 2
29 488 1
65 148 2
205 440 3
5 170 3
195 289 3
13 71 2
422 476 0
239 300 2
140 471 2
80 424 0
245 278 0
158 472 0
170 462 1
218 324 2
268 339 2
144 415 1
44 389 0
97 232 0
181 189 0
137 231 2
22 86 3
388 391 2
301 385 2
210 412 0
30 354 1
125 310 2
124 430 1
145 153 3
274 494 0
55 212 1
22 83 3
119 457 2
467 474 2
7 331 3
156 163 2
102 397 1
105 226 2
236 451 2
134 457 2
274 290 0
94 327 1
249 409 1
393 439 1
307 363 2
39 479 0
134 235 1
238 345 2
112 272 2
186 364 2
151 385 1
11 284 3
262 275 1
141 160 1
156 259 3
13 214 1
78 372 0
61 380 2
129 323 3
21 473 2
16 323 0
138 198 1
391 410 1
173 403 0
257 263 2
42 230 2
36 450 0
145 240 1
15 176 3
62 168 3
307 441 0
324 432 1
322 414 1
150 422 3
218 312 3
180 346 2
291 488 0
343 447 2
366 480 2
66 449 2
255 292 2
155 160 2
307 339 3
258 265 3
112 301 1
300 458 1
54 55 1
270 489 1
27 83 2
159 211 3
176 446 2
242 461 3
128 228 3
375 394 3
331 397 1
65 450 3
182 294 3
297 340 1
319 491 2
184 307 0
140 399 3
48 196 3
122 491 2
276 452 3
215 441 0
380 429 3
28 371 1
34 214 0
50 313 0
172 467 0
75 323 1
137 181 0
9 468 3
165 378 2
157 365 3
299 354 3
120 190 3
368 376 2
65 300 3
143 481 0
27 466 0
146 225 0
378 383 1
115 273 3
83 421 2
55 413 1
194 353 1
7 255 1
24 116 1
180 216 0
27 296 0
111 238 3
336 468 1
90 229 1
156 492 2
286 299 2
194 301 1
85 110 2
366 426 2
174 466 1
292 484 3
2 385 2
88 286 2
234 334 0
190 428 3
233 269 2
37 477 3
350 411 0
330 421 1
62 442 1
214 436 1
353 478 0
224 267 2
255 433 2
427 429 1
74 307 3
231 349 1
164 428 1
111 428 3
423 492 2
160 461 3
45 157 0
12 42 3
231 280 0
320 464 1
6 381 0
97 456 2
70 109 0
136 194 2
122 158 3
285 405 2
64 98 0
214 323 3
230 271 1
123 185 1
176 186 2
192 363 3
76 397 2
51 194 3
154 475 0
71 292 0
237 460 0
85 309 1
191 358 1
403 436 0
177 488 1
223 253 3
104 320 3
337 396 1
10 76 1
83 362 2
31 68 3
3 206 1
206 274 0
225 339 2
4 490 0
111 183 1
203 204 0
45 128 0
292 369 2
176 183 0
79 431 3
279 312 3
202 337 1
229 275 3
91 489 1
139 192 2
343 389 1
34 437 0
277 396 0
30 322 3
232 253 0
221 373 1
200 422 3
97 331 0
12 186 0
157 305 2
157 407 0
110 292 1
194 445 0
213 328 0
103 104 1
51 464 3
80 418 1
317 468 2
35 137 3
48 268 2
293 300 0
135 173 3
256 350 2
177 334 3
181 361 3
305 312 2
138 297 1
80 273 0
105 127 3
274 486 0
351 489 1
178 272 0
40 233 0
358 413 1
225 378 3
80 252 0
40 107 0
58 112 2
152 234 2
67 422 2
154 193 1
77 309 1
147 149 0
75 100 2
314 333 2
178 277 2
16 124 1
170 330 3
51 149 0
11 347 0
6 125 0
13 226 3
109 410 0
49 428 1
52 291 2
22 285 2
285 445 2
81 454 1
9 280 1
78 489 3
184 288 0
93 366 3
161 433 0
