493 7951 97
78 441 0
358 473 0
362 405 0
93 379 0
290 377 0
87 280 0
47 173 0
37 71 0
405 442 0
239 383 0
250 439 0
365 410 0
173 473 0
161 269 0
68 230 0
305 488 0
188 249 0
76 218 0
206 269 0
251 417 0
341 368 0
60 84 0
41 443 0
9 220 0
254 444 0
172 477 0
6 430 0
220 429 0
204 236 0
396 456 0
145 440 0
353 361 0
122 263 0
50 69 0
99 462 0
40 238 0
182 183 0
133 346 0
54 367 0
354 443 0
179 252 0
228 276 0
108 217 0
119 282 0
312 408 0
258 274 0
132 268 0
18 198 0
69 314 0
62 260 0
77 370 0
17 98 0
118 168 0
210 442 0
233 428 0
37 202 0
362 492 0
449 485 0
8 389 0
158 280 0
356 393 0
80 125 0
175 332 0
67 427 0
196 465 0
401 404 0
266 373 0
9 118 0
362 383 0
287 493 0
160 384 0
148 364 0
224 434 0
124 229 0
309 328 0
36 72 0
140 398 0
5 236 0
257 317 0
214 481 0
17 184 0
98 398 0
14 444 0
28 302 0
10 308 0
192 320 0
23 451 0
313 360 0
15 155 0
174 346 0
32 272 0
9 369 0
144 272 0
107 405 0
84 193 0
84 433 0
37 117 0
54 242 0
214 397 0
276 400 0
337 432 0
22 307 0
68 216 0
191 409 0
176 378 0
92 187 0
325 411 0
37 212 0
308 362 0
284 309 0
227 479 0
138 193 0
6 461 0
106 351 0
59 167 0
119 446 0
36 40 0
9 443 0
124 358 0
119 469 0
324 424 0
50 479 0
142 353 0
48 377 0
39 449 0
238 387 0
213 467 0
124 381 0
369 423 0
96 293 0
265 375 0
158 346 0
29 424 0
271 286 0
271 395 0
136 399 0
28 113 0
127 409 0
110 267 0
136 208 0
20 434 0
278 425 0
22 217 0
261 377 0
72 197 0
32 394 0
79 170 0
212 480 0
202 471 0
305 326 0
20 408 0
217 324 0
236 334 0
79 274 0
387 470 0
264 482 0
410 439 0
197 303 0
416 433 0
252 303 0
314 427 0
210 357 0
129 446 0
51 257 0
286 329 0
27 274 0
230 245 0
89 264 0
15 278 0
191 383 0
109 188 0
364 434 0
209 287 0
20 228 0
80 366 0
148 425 0
96 253 0
11 362 0
91 334 0
235 301 0
12 410 0
346 451 0
242 346 0
368 377 0
186 294 0
207 368 0
32 466 0
73 362 0
338 381 0
182 372 0
163 453 0
174 248 0
225 381 0
29 246 0
20 280 0
31 323 0
56 233 0
185 213 0
130 400 0
72 232 0
114 163 0
430 434 0
102 490 0
95 291 0
137 299 0
124 354 0
324 363 0
342 422 0
380 408 0
110 356 0
278 291 0
359 459 0
237 310 0
316 438 0
175 299 0
32 314 0
137 398 0
210 399 0
13 275 0
169 383 0
119 398 0
23 396 0
161 463 0
98 478 0
23 105 0
143 312 0
97 419 0
71 110 0
96 181 0
361 441 0
166 347 0
158 427 0
208 222 0
55 80 0
15 318 0
424 488 0
104 448 0
394 436 0
31 173 0
329 449 0
326 329 0
415 442 0
103 242 0
382 472 0
91 135 0
282 412 0
251 482 0
201 260 0
311 379 0
380 488 0
213 392 0
81 116 0
432 489 0
151 225 0
234 264 0
349 446 0
34 210 0
135 348 0
142 409 0
255 259 0
222 224 0
247 289 0
228 429 0
222 411 0
253 433 0
245 380 0
196 206 0
330 473 0
130 461 0
223 297 0
2 277 0
151 234 0
81 424 0
242 288 0
22 155 0
100 289 0
83 114 0
205 379 0
145 454 0
19 331 0
85 190 0
113 149 0
334 390 0
71 163 0
136 428 0
302 366 0
72 388 0
347 398 0
88 204 0
32 215 0
192 228 0
55 380 0
255 336 0
122 143 0
113 325 0
142 488 0
176 400 0
186 327 0
37 443 0
161 236 0
342 452 0
34 408 0
41 89 0
152 341 0
126 208 0
251 336 0
118 448 0
115 143 0
212 267 0
71 83 0
58 471 0
317 352 0
44 53 0
170 331 0
55 187 0
324 376 0
19 312 0
258 468 0
1 318 0
234 352 0
218 231 0
13 190 0
145 211 0
132 240 0
149 328 0
63 310 0
212 222 0
115 167 0
176 239 0
396 493 0
81 392 0
129 147 0
41 96 0
158 481 0
111 369 0
77 126 0
69 105 0
279 444 0
163 475 0
150 200 0
139 341 0
167 250 0
92 175 0
8 107 0
116 229 0
270 358 0
357 385 0
350 411 0
122 376 0
19 442 0
16 439 0
74 456 0
171 195 0
123 391 0
298 457 0
27 285 0
113 407 0
117 150 0
72 115 0
304 463 0
466 489 0
16 415 0
102 262 0
174 251 0
76 335 0
70 417 0
122 177 0
263 305 0
91 111 0
68 441 0
57 410 0
316 464 0
160 416 0
173 444 0
34 477 0
304 485 0
177 368 0
11 463 0
357 433 0
125 354 0
140 474 0
170 282 0
28 486 0
231 439 0
124 205 0
17 345 0
190 343 0
12 110 0
4 481 0
166 280 0
138 452 0
141 281 0
180 342 0
201 248 0
52 151 0
315 416 0
101 493 0
77 380 0
11 240 0
256 408 0
19 445 0
72 364 0
58 237 0
149 278 0
48 230 0
198 468 0
35 118 0
175 206 0
50 316 0
126 425 0
370 386 0
283 434 0
195 465 0
271 442 0
383 417 0
58 452 0
59 158 0
318 319 0
106 289 0
142 257 0
237 348 0
305 356 0
299 397 0
9 187 0
199 455 0
104 137 0
29 417 0
33 151 0
175 360 0
119 289 0
336 346 0
43 263 0
54 361 0
123 462 0
69 230 0
93 193 0
71 312 0
299 403 0
6 427 0
333 410 0
304 458 0
206 290 0
75 76 0
30 382 0
10 385 0
289 407 0
365 413 0
310 434 0
64 114 0
51 260 0
187 465 0
58 119 0
32 236 0
25 402 0
48 357 0
120 379 0
283 300 0
129 488 0
116 471 0
95 348 0
313 441 0
105 246 0
108 199 0
120 263 0
109 293 0
327 443 0
242 487 0
359 421 0
113 326 0
109 169 0
280 345 0
187 481 0
11 97 0
39 430 0
195 331 0
22 98 0
36 485 0
129 449 0
147 232 0
165 412 0
70 103 0
115 400 0
202 314 0
110 440 0
103 394 0
12 172 0
32 88 0
277 317 0
160 423 0
138 448 0
13 98 0
108 242 0
284 469 0
345 409 0
180 310 0
301 450 0
34 143 0
3 62 0
25 252 0
326 412 0
17 294 0
368 482 0
236 401 0
451 465 0
3 26 0
359 465 0
300 325 0
276 363 0
35 175 0
428 449 0
85 111 0
155 389 0
318 364 0
233 373 0
141 159 0
201 307 0
216 374 0
145 360 0
100 101 0
10 167 0
55 84 0
179 215 0
93 95 0
221 324 0
34 313 0
39 250 0
231 292 0
110 143 0
411 467 0
37 259 0
74 293 0
52 434 0
58 181 0
338 355 0
173 402 0
204 365 0
216 275 0
93 229 0
95 489 0
142 218 0
185 251 0
87 174 0
384 463 0
14 372 0
251 357 0
104 217 0
172 251 0
260 361 0
287 397 0
27 407 0
49 105 0
387 475 0
187 319 0
199 267 0
191 469 0
45 478 0
220 323 0
28 64 0
126 296 0
301 437 0
181 469 0
174 453 0
120 349 0
286 291 0
101 487 0
119 121 0
189 449 0
93 453 0
415 459 0
205 257 0
73 187 0
25 137 0
236 415 0
145 381 0
385 386 0
111 436 0
192 289 0
205 355 0
313 403 0
82 253 0
292 354 0
238 404 0
100 322 0
238 395 0
28 86 0
25 472 0
56 319 0
214 239 0
81 91 0
159 302 0
234 266 0
255 437 0
196 218 0
160 485 0
266 405 0
59 81 0
316 419 0
191 304 0
118 223 0
339 441 0
77 141 0
364 490 0
15 77 0
167 170 0
55 119 0
26 465 0
324 485 0
29 382 0
262 418 0
36 350 0
244 274 0
180 261 0
11 390 0
113 137 0
151 399 0
153 265 0
50 168 0
96 381 0
288 403 0
201 243 0
157 243 0
145 383 0
100 160 0
287 385 0
265 331 0
28 490 0
315 399 0
72 179 0
175 406 0
311 418 0
137 262 0
368 453 0
75 134 0
273 399 0
310 443 0
95 401 0
37 254 0
195 375 0
110 293 0
14 476 0
128 426 0
327 429 0
23 60 0
305 323 0
45 154 0
311 462 0
45 223 0
275 476 0
117 164 0
92 95 0
25 305 0
78 210 0
49 138 0
20 320 0
99 470 0
90 483 0
131 448 0
155 241 0
234 281 0
87 271 0
183 190 0
283 321 0
93 156 0
269 285 0
296 365 0
174 259 0
110 170 0
336 349 0
253 413 0
161 476 0
87 261 0
305 445 0
249 359 0
323 372 0
372 378 0
75 464 0
412 450 0
200 213 0
180 321 0
359 379 0
97 231 0
54 209 0
286 353 0
320 492 0
274 287 0
266 354 0
199 294 0
188 472 0
79 87 0
49 160 0
214 405 0
97 104 0
82 86 0
214 458 0
43 90 0
146 490 0
48 159 0
72 249 0
409 471 0
392 416 0
146 441 0
18 107 0
92 280 0
127 170 0
42 109 0
173 429 0
8 138 0
131 422 0
228 404 0
11 424 0
243 267 0
26 85 0
208 424 0
207 476 0
109 486 0
6 131 0
96 394 0
170 459 0
35 308 0
92 337 0
378 382 0
162 190 0
295 428 0
216 263 0
252 414 0
113 123 0
249 342 0
227 470 0
266 284 0
254 368 0
89 411 0
18 335 0
130 380 0
3 268 0
139 394 0
342 493 0
200 475 0
110 408 0
429 488 0
70 367 0
82 88 0
340 487 0
166 335 0
116 139 0
16 38 0
36 400 0
135 221 0
268 381 0
9 138 0
1 12 0
228 292 0
92 484 0
195 211 0
186 191 0
59 414 0
78 341 0
241 397 0
70 449 0
44 471 0
196 349 0
36 382 0
101 227 0
111 346 0
161 203 0
42 493 0
86 460 0
1 96 0
37 405 0
319 376 0
214 264 0
59 82 0
2 385 0
46 109 0
53 229 0
22 339 0
306 362 0
253 450 0
177 310 0
172 329 0
153 252 0
224 263 0
9 261 0
147 175 0
88 315 0
271 312 0
313 480 0
147 209 0
35 421 0
227 492 0
411 435 0
248 335 0
192 437 0
178 470 0
226 291 0
147 245 0
88 349 0
429 492 0
229 359 0
339 394 0
133 280 0
342 378 0
207 227 0
71 237 0
309 365 0
41 240 0
183 318 0
121 310 0
210 292 0
103 485 0
63 309 0
446 477 0
457 466 0
24 212 0
255 285 0
197 443 0
449 461 0
4 83 0
86 110 0
183 409 0
196 367 0
5 234 0
1 55 0
77 437 0
79 188 0
62 343 0
253 361 0
94 254 0
317 369 0
164 491 0
12 133 0
23 212 0
4 179 0
350 373 0
129 295 0
96 139 0
240 245 0
460 469 0
256 273 0
226 315 0
23 419 0
478 492 0
62 325 0
194 252 0
116 461 0
260 482 0
226 346 0
151 441 0
145 492 0
114 226 0
307 380 0
189 236 0
264 278 0
38 403 0
72 176 0
49 222 0
30 67 0
215 245 0
10 396 0
62 382 0
128 172 0
326 377 0
6 188 0
74 318 0
192 221 0
331 372 0
120 326 0
346 450 0
336 391 0
393 419 0
119 180 0
169 183 0
14 407 0
38 267 0
42 313 0
40 187 0
138 205 0
148 245 0
63 423 0
112 260 0
170 441 0
35 427 0
29 52 0
190 431 0
198 319 0
184 434 0
189 303 0
81 177 0
230 288 0
219 465 0
69 371 0
13 224 0
338 356 0
340 428 0
105 358 0
254 452 0
136 436 0
71 406 0
36 111 0
126 141 0
8 409 0
287 319 0
124 242 0
45 330 0
70 256 0
429 440 0
383 459 0
257 274 0
182 390 0
177 218 0
184 445 0
173 469 0
293 368 0
26 410 0
350 427 0
104 469 0
124 487 0
355 390 0
259 440 0
178 438 0
198 343 0
112 373 0
6 213 0
31 140 0
170 375 0
145 337 0
54 477 0
296 438 0
139 202 0
229 384 0
256 278 0
80 140 0
237 319 0
126 288 0
352 402 0
79 313 0
202 467 0
151 273 0
90 230 0
271 440 0
30 77 0
353 396 0
49 58 0
344 449 0
39 40 0
14 103 0
54 204 0
250 437 0
193 295 0
235 246 0
258 347 0
235 483 0
227 349 0
158 417 0
400 467 0
398 401 0
295 413 0
23 28 0
339 474 0
412 426 0
92 320 0
79 101 0
29 68 0
65 307 0
6 171 0
265 327 0
17 316 0
250 367 0
333 411 0
396 462 0
312 418 0
138 224 0
124 353 0
3 349 0
217 481 0
143 433 0
72 405 0
413 419 0
28 70 0
221 322 0
439 453 0
259 489 0
179 489 0
72 200 0
197 220 0
241 322 0
79 404 0
44 75 0
23 304 0
105 402 0
21 35 0
165 343 0
213 349 0
273 475 0
79 262 0
26 482 0
287 341 0
160 314 0
256 427 0
328 346 0
136 164 0
227 409 0
20 466 0
406 419 0
226 334 0
14 92 0
257 278 0
71 446 0
153 205 0
7 250 0
101 126 0
339 375 0
62 313 0
126 346 0
289 450 0
173 347 0
163 328 0
14 175 0
419 420 0
63 131 0
63 178 0
234 252 0
16 29 0
179 348 0
286 342 0
65 95 0
46 149 0
73 263 0
32 85 0
66 189 0
371 390 0
298 415 0
344 384 0
256 300 0
137 304 0
9 387 0
23 284 0
145 472 0
286 307 0
39 73 0
199 379 0
107 340 0
56 351 0
22 330 0
115 242 0
168 293 0
150 461 0
116 470 0
46 145 0
360 438 0
30 311 0
367 460 0
9 413 0
158 195 0
389 471 0
117 159 0
55 491 0
375 400 0
176 286 0
404 472 0
39 482 0
34 145 0
188 216 0
84 104 0
266 428 0
70 314 0
57 125 0
157 474 0
305 371 0
84 299 0
406 422 0
235 470 0
431 477 0
44 231 0
78 449 0
154 381 0
208 383 0
375 464 0
43 284 0
176 282 0
164 185 0
180 271 0
245 419 0
187 448 0
280 409 0
45 263 0
93 297 0
161 384 0
18 175 0
37 209 0
155 400 0
342 400 0
103 209 0
11 161 0
7 26 0
80 273 0
69 262 0
164 490 0
77 466 0
230 489 0
237 440 0
161 435 0
134 274 0
282 327 0
151 355 0
105 152 0
11 15 0
126 161 0
308 349 0
55 346 0
5 193 0
3 87 0
213 270 0
321 412 0
318 394 0
119 456 0
323 345 0
151 311 0
83 117 0
86 463 0
151 424 0
358 411 0
145 482 0
24 297 0
72 270 0
179 310 0
206 297 0
67 332 0
5 314 0
28 361 0
15 20 0
418 487 0
74 102 0
206 308 0
272 323 0
180 331 0
52 438 0
14 432 0
19 308 0
142 339 0
50 120 0
47 390 0
81 456 0
26 223 0
321 384 0
78 440 0
42 383 0
305 373 0
231 490 0
182 291 0
100 372 0
14 190 0
332 452 0
310 461 0
204 256 0
156 219 0
10 171 0
195 217 0
145 236 0
231 326 0
43 411 0
73 179 0
323 478 0
45 315 0
79 293 0
48 426 0
169 266 0
84 283 0
184 304 0
253 398 0
196 200 0
116 292 0
206 493 0
268 414 0
307 359 0
293 349 0
21 360 0
133 308 0
413 458 0
13 311 0
3 5 0
312 457 0
62 314 0
77 475 0
259 434 0
147 374 0
167 372 0
91 386 0
171 340 0
132 141 0
388 479 0
77 167 0
420 453 0
119 323 0
338 421 0
141 441 0
47 338 0
311 449 0
202 400 0
33 80 0
200 249 0
161 436 0
187 359 0
365 436 0
32 161 0
116 234 0
4 191 0
58 63 0
3 405 0
1 304 0
291 296 0
279 337 0
164 264 0
371 414 0
135 360 0
105 115 0
207 435 0
80 175 0
38 387 0
254 308 0
76 130 0
149 250 0
351 482 0
460 471 0
251 363 0
34 179 0
136 389 0
390 421 0
131 311 0
199 344 0
147 243 0
228 393 0
89 437 0
227 379 0
318 391 0
270 333 0
367 463 0
34 358 0
127 137 0
387 490 0
346 459 0
110 428 0
126 384 0
294 390 0
108 170 0
198 315 0
354 362 0
79 469 0
86 294 0
351 458 0
113 280 0
278 298 0
117 195 0
57 257 0
264 489 0
171 361 0
87 105 0
1 319 0
144 237 0
11 391 0
375 416 0
61 341 0
152 406 0
62 88 0
431 453 0
54 216 0
242 489 0
429 441 0
202 233 0
101 461 0
132 233 0
99 304 0
83 137 0
92 374 0
159 240 0
139 398 0
11 375 0
53 208 0
468 489 0
338 423 0
45 135 0
318 386 0
32 473 0
74 78 0
418 430 0
67 169 0
47 346 0
296 471 0
181 446 0
60 360 0
187 301 0
106 290 0
42 44 0
311 390 0
202 383 0
19 201 0
127 273 0
188 263 0
230 275 0
164 487 0
63 170 0
194 437 0
162 480 0
423 465 0
167 426 0
286 440 0
276 441 0
43 166 0
92 120 0
213 434 0
258 328 0
89 244 0
256 361 0
32 166 0
34 337 0
331 441 0
303 486 0
90 244 0
250 474 0
8 349 0
271 311 0
181 270 0
138 480 0
30 403 0
74 224 0
137 401 0
148 161 0
52 78 0
246 254 0
440 466 0
247 306 0
154 241 0
66 164 0
167 348 0
50 457 0
145 184 0
11 475 0
51 220 0
33 139 0
14 292 0
276 450 0
280 492 0
247 436 0
13 270 0
27 229 0
83 388 0
13 38 0
2 410 0
115 376 0
122 382 0
75 91 0
113 466 0
257 359 0
171 235 0
18 472 0
16 374 0
16 18 0
231 413 0
121 286 0
11 450 0
357 362 0
77 315 0
55 243 0
59 373 0
334 384 0
30 492 0
1 350 0
209 221 0
181 237 0
6 365 0
237 305 0
18 351 0
197 247 0
201 479 0
262 457 0
365 394 0
133 182 0
60 487 0
163 292 0
132 148 0
274 445 0
285 365 0
273 457 0
157 367 0
292 293 0
148 441 0
303 447 0
192 453 0
165 292 0
299 338 0
241 350 0
114 459 0
246 459 0
99 443 0
22 427 0
242 254 0
83 128 0
274 473 0
226 366 0
29 219 0
106 361 0
255 455 0
193 389 0
339 429 0
55 306 0
365 422 0
188 341 0
4 288 0
363 370 0
31 150 0
328 465 0
109 273 0
5 398 0
118 490 0
345 393 0
208 401 0
12 84 0
166 291 0
159 273 0
157 394 0
105 198 0
149 159 0
77 197 0
48 335 0
68 312 0
70 370 0
103 401 0
243 336 0
390 397 0
247 370 0
6 72 0
83 293 0
8 456 0
212 359 0
59 127 0
107 232 0
38 307 0
36 352 0
17 189 0
74 247 0
183 226 0
266 472 0
208 391 0
278 364 0
23 462 0
284 391 0
34 231 0
183 268 0
170 461 0
15 354 0
159 483 0
181 427 0
118 475 0
82 284 0
35 133 0
91 168 0
92 132 0
28 379 0
439 478 0
404 493 0
87 199 0
166 373 0
184 381 0
240 468 0
314 336 0
326 403 0
52 335 0
87 189 0
90 370 0
187 405 0
79 410 0
188 267 0
37 244 0
80 282 0
48 404 0
58 274 0
137 209 0
83 290 0
183 281 0
52 313 0
411 427 0
2 380 0
384 485 0
24 307 0
24 130 0
92 385 0
233 380 0
185 205 0
306 309 0
127 439 0
249 324 0
7 145 0
84 206 0
334 379 0
240 249 0
10 381 0
21 262 0
8 89 0
330 352 0
12 205 0
214 356 0
122 174 0
153 477 0
46 472 0
172 343 0
258 290 0
282 440 0
172 421 0
68 301 0
202 433 0
88 465 0
430 448 0
231 418 0
30 193 0
3 453 0
163 206 0
157 261 0
371 376 0
17 154 0
3 443 0
201 304 0
324 394 0
415 431 0
327 414 0
8 139 0
137 477 0
286 326 0
8 233 0
24 107 0
104 152 0
40 387 0
272 387 0
87 106 0
292 370 0
11 451 0
444 490 0
200 353 0
85 383 0
100 283 0
340 435 0
72 247 0
315 386 0
56 100 0
384 471 0
95 111 0
197 447 0
88 142 0
265 333 0
114 208 0
65 401 0
250 330 0
169 308 0
207 445 0
107 297 0
16 194 0
201 336 0
95 344 0
248 328 0
168 206 0
142 448 0
169 377 0
19 125 0
354 389 0
15 350 0
66 372 0
13 491 0
263 394 0
67 474 0
36 227 0
83 285 0
224 306 0
45 171 0
71 384 0
94 321 0
18 26 0
17 447 0
130 371 0
54 188 0
215 476 0
314 346 0
5 242 0
77 297 0
29 154 0
18 55 0
98 436 0
4 402 0
44 181 0
55 322 0
310 327 0
246 357 0
139 399 0
387 430 0
402 445 0
159 176 0
70 231 0
173 228 0
89 270 0
44 163 0
130 214 0
222 414 0
230 276 0
11 327 0
194 322 0
263 302 0
95 479 0
35 328 0
225 410 0
108 306 0
334 429 0
176 436 0
265 277 0
83 175 0
215 366 0
310 322 0
130 425 0
165 316 0
147 375 0
277 346 0
29 135 0
280 411 0
38 206 0
424 475 0
45 141 0
392 397 0
140 405 0
22 483 0
279 344 0
92 480 0
98 310 0
68 252 0
336 374 0
234 343 0
276 306 0
278 472 0
89 334 0
268 286 0
303 452 0
280 324 0
228 304 0
43 206 0
297 425 0
117 323 0
101 343 0
94 111 0
95 438 0
28 139 0
182 208 0
30 455 0
22 362 0
81 89 0
198 436 0
242 338 0
28 238 0
46 67 0
78 136 0
2 279 0
74 205 0
283 477 0
426 473 0
93 162 0
39 265 0
36 304 0
135 347 0
123 380 0
28 283 0
3 331 0
75 301 0
19 206 0
123 129 0
1 336 0
116 358 0
135 257 0
180 203 0
96 313 0
142 326 0
74 339 0
190 490 0
8 312 0
187 492 0
185 372 0
254 392 0
388 405 0
333 405 0
186 437 0
144 157 0
309 321 0
219 313 0
4 278 0
48 135 0
208 421 0
211 299 0
195 223 0
259 395 0
422 445 0
278 465 0
325 441 0
21 434 0
8 49 0
30 251 0
176 388 0
231 235 0
242 452 0
42 432 0
276 405 0
93 477 0
11 125 0
138 344 0
318 477 0
7 69 0
53 159 0
229 460 0
2 40 0
39 347 0
459 493 0
34 239 0
192 416 0
339 484 0
210 413 0
390 472 0
26 110 0
63 187 0
161 320 0
277 419 0
20 399 0
119 198 0
397 413 0
328 464 0
225 341 0
158 468 0
143 228 0
199 206 0
116 200 0
94 178 0
239 279 0
223 344 0
46 370 0
279 450 0
175 244 0
118 418 0
47 111 0
9 163 0
48 382 0
124 326 0
25 276 0
216 493 0
135 367 0
131 386 0
87 322 0
191 356 0
184 298 0
156 396 0
18 341 0
195 311 0
4 156 0
45 59 0
353 460 0
61 384 0
212 382 0
28 256 0
218 370 0
190 465 0
362 439 0
220 412 0
267 276 0
4 28 0
330 420 0
143 156 0
17 33 0
122 432 0
201 476 0
41 112 0
89 163 0
82 113 0
30 204 0
73 459 0
62 445 0
155 406 0
193 284 0
34 321 0
116 393 0
68 185 0
11 310 0
469 482 0
132 378 0
199 213 0
230 263 0
172 375 0
22 222 0
306 368 0
100 348 0
148 302 0
307 315 0
442 443 0
372 438 0
369 458 0
228 448 0
194 234 0
57 463 0
40 185 0
28 487 0
346 384 0
89 236 0
61 73 0
173 364 0
236 330 0
281 341 0
27 181 0
138 266 0
121 261 0
95 182 0
55 316 0
171 265 0
222 240 0
138 195 0
134 190 0
2 224 0
482 488 0
227 382 0
104 453 0
122 387 0
91 419 0
52 186 0
85 98 0
419 444 0
129 315 0
26 439 0
66 438 0
299 441 0
210 474 0
356 365 0
181 337 0
112 421 0
312 358 0
123 201 0
67 318 0
121 138 0
122 395 0
102 154 0
299 347 0
26 284 0
27 435 0
182 428 0
168 280 0
63 483 0
95 327 0
193 427 0
96 216 0
155 409 0
117 393 0
175 278 0
312 469 0
165 187 0
68 263 0
77 489 0
348 450 0
109 304 0
177 240 0
158 214 0
71 416 0
228 483 0
332 394 0
62 100 0
325 436 0
86 241 0
327 477 0
458 493 0
67 368 0
28 446 0
12 432 0
13 239 0
43 310 0
272 274 0
206 315 0
59 257 0
122 254 0
74 287 0
119 395 0
100 460 0
439 441 0
200 436 0
172 319 0
94 174 0
423 493 0
358 388 0
51 468 0
377 458 0
141 233 0
367 438 0
78 301 0
68 137 0
93 173 0
83 383 0
334 403 0
76 300 0
166 259 0
184 266 0
192 238 0
27 163 0
40 127 0
87 231 0
304 484 0
253 410 0
76 461 0
226 396 0
111 421 0
327 346 0
198 264 0
161 229 0
77 163 0
213 337 0
90 363 0
261 398 0
79 174 0
423 475 0
299 346 0
86 287 0
245 272 0
22 54 0
53 404 0
302 410 0
61 175 0
11 94 0
181 198 0
52 288 0
22 55 0
89 471 0
103 186 0
121 400 0
335 356 0
81 117 0
217 298 0
409 451 0
263 381 0
61 140 0
86 265 0
12 475 0
235 484 0
181 307 0
6 245 0
65 186 0
1 470 0
294 371 0
3 247 0
162 270 0
264 415 0
366 471 0
217 308 0
201 274 0
12 106 0
218 281 0
212 259 0
102 442 0
18 33 0
106 337 0
191 256 0
14 95 0
49 109 0
277 323 0
6 432 0
16 287 0
287 310 0
269 404 0
408 411 0
236 418 0
278 382 0
163 399 0
265 404 0
145 353 0
179 333 0
163 286 0
97 200 0
34 348 0
52 304 0
56 200 0
145 405 0
122 371 0
309 488 0
95 388 0
481 489 0
137 169 0
124 219 0
66 258 0
214 374 0
241 328 0
20 55 0
84 286 0
205 441 0
283 380 0
29 475 0
260 379 0
405 430 0
437 454 0
235 256 0
69 220 0
6 394 0
95 185 0
9 99 0
135 149 0
234 305 0
207 365 0
155 212 0
144 170 0
223 417 0
145 427 0
329 453 0
143 188 0
60 396 0
176 267 0
259 430 0
11 315 0
61 168 0
63 74 0
136 254 0
35 233 0
58 172 0
192 246 0
196 455 0
331 435 0
93 487 0
217 251 0
180 382 0
147 456 0
118 265 0
48 491 0
204 415 0
379 493 0
53 175 0
382 386 0
382 388 0
21 41 0
273 393 0
114 375 0
76 169 0
32 110 0
278 348 0
301 328 0
14 369 0
282 451 0
419 429 0
72 483 0
86 135 0
62 327 0
161 446 0
208 479 0
116 267 0
61 383 0
459 464 0
217 408 0
122 246 0
294 414 0
90 342 0
95 127 0
39 96 0
299 407 0
191 271 0
221 277 0
135 271 0
97 399 0
234 404 0
117 408 0
353 435 0
28 108 0
189 430 0
104 302 0
71 298 0
285 372 0
251 452 0
4 56 0
3 221 0
369 404 0
136 468 0
438 484 0
189 296 0
11 22 0
212 325 0
148 459 0
277 423 0
313 383 0
182 418 0
247 426 0
129 394 0
229 469 0
132 459 0
46 139 0
344 438 0
218 304 0
175 203 0
197 309 0
4 238 0
149 376 0
242 432 0
33 282 0
216 440 0
205 315 0
79 416 0
20 225 0
150 341 0
43 330 0
97 276 0
452 478 0
29 111 0
307 358 0
367 393 0
241 317 0
57 363 0
102 245 0
158 440 0
59 377 0
46 449 0
60 212 0
269 429 0
48 116 0
12 244 0
202 275 0
334 467 0
13 488 0
59 287 0
133 406 0
87 412 0
210 328 0
316 335 0
20 432 0
136 410 0
274 425 0
256 407 0
234 366 0
427 457 0
267 336 0
17 172 0
152 475 0
289 379 0
48 457 0
9 399 0
48 323 0
385 437 0
124 444 0
191 439 0
158 386 0
31 480 0
188 377 0
186 215 0
209 414 0
101 439 0
167 395 0
74 409 0
43 324 0
388 453 0
3 68 0
289 332 0
28 45 0
102 281 0
24 235 0
184 391 0
83 92 0
172 215 0
277 457 0
97 395 0
314 482 0
139 461 0
40 380 0
209 433 0
253 331 0
224 422 0
257 326 0
311 435 0
128 424 0
68 488 0
38 265 0
86 467 0
155 252 0
163 367 0
3 394 0
84 262 0
220 430 0
240 274 0
305 492 0
98 325 0
413 486 0
48 455 0
27 193 0
280 439 0
258 413 0
11 92 0
72 170 0
4 280 0
6 202 0
96 164 0
265 464 0
37 118 0
149 152 0
79 345 0
161 380 0
177 204 0
422 452 0
92 240 0
197 312 0
229 242 0
108 284 0
118 122 0
65 239 0
23 238 0
1 288 0
59 146 0
161 428 0
318 340 0
248 272 0
78 282 0
190 217 0
289 442 0
166 459 0
174 432 0
30 219 0
10 200 0
24 46 0
111 211 0
415 436 0
19 121 0
362 490 0
158 380 0
27 339 0
311 381 0
40 77 0
101 394 0
92 402 0
465 480 0
56 301 0
58 436 0
279 291 0
341 402 0
137 174 0
250 401 0
219 246 0
369 374 0
145 355 0
1 9 0
121 291 0
367 472 0
105 263 0
70 194 0
62 475 0
202 385 0
321 464 0
131 456 0
2 78 0
362 377 0
137 489 0
428 477 0
93 239 0
46 102 0
221 364 0
149 237 0
302 387 0
249 418 0
11 14 0
189 419 0
110 181 0
11 201 0
108 481 0
301 351 0
25 60 0
238 263 0
89 213 0
330 363 0
18 461 0
127 128 0
4 61 0
194 233 0
11 255 0
58 283 0
188 413 0
244 476 0
374 398 0
296 405 0
357 477 0
7 491 0
32 216 0
124 150 0
142 199 0
320 388 0
216 391 0
102 153 0
50 446 0
13 220 0
231 316 0
265 323 0
31 82 0
142 156 0
10 434 0
405 454 0
181 484 0
247 331 0
303 360 0
13 146 0
169 294 0
178 225 0
394 445 0
362 479 0
26 31 0
15 57 0
79 179 0
145 216 0
344 433 0
20 373 0
292 473 0
164 328 0
176 241 0
43 119 0
58 163 0
47 342 0
27 270 0
11 384 0
19 203 0
34 81 0
388 478 0
300 427 0
219 466 0
229 493 0
91 329 0
300 411 0
10 51 0
32 167 0
128 323 0
408 474 0
70 72 0
318 376 0
116 285 0
204 260 0
257 398 0
370 373 0
94 397 0
303 378 0
293 381 0
39 60 0
71 167 0
143 410 0
250 411 0
209 232 0
209 323 0
230 254 0
186 446 0
216 259 0
63 362 0
190 413 0
159 420 0
97 383 0
185 344 0
210 488 0
35 229 0
45 418 0
325 453 0
40 319 0
313 482 0
15 454 0
171 285 0
206 220 0
145 197 0
376 438 0
166 406 0
150 225 0
196 307 0
25 428 0
355 404 0
7 465 0
187 484 0
66 78 0
74 308 0
54 161 0
45 68 0
231 412 0
4 127 0
81 480 0
81 211 0
35 151 0
70 151 0
191 433 0
277 394 0
377 470 0
323 424 0
15 230 0
197 298 0
37 293 0
56 251 0
258 297 0
127 188 0
173 464 0
6 174 0
186 196 0
158 264 0
150 397 0
122 440 0
407 438 0
376 415 0
243 277 0
351 411 0
63 291 0
72 295 0
179 308 0
134 416 0
335 352 0
217 242 0
258 309 0
58 152 0
115 243 0
194 240 0
60 65 0
153 268 0
48 118 0
256 341 0
5 330 0
7 426 0
388 401 0
111 433 0
138 248 0
181 419 0
28 66 0
4 20 0
48 339 0
203 392 0
105 289 0
410 417 0
246 329 0
99 359 0
112 303 0
61 339 0
283 424 0
99 379 0
139 479 0
3 490 0
236 426 0
291 435 0
32 103 0
34 284 0
319 483 0
123 365 0
312 427 0
187 281 0
138 294 0
413 449 0
231 338 0
343 471 0
161 310 0
100 307 0
231 480 0
104 260 0
160 264 0
236 464 0
156 356 0
390 393 0
245 360 0
135 327 0
70 408 0
405 431 0
77 369 0
157 442 0
128 138 0
13 114 0
336 347 0
158 295 0
249 287 0
341 471 0
245 260 0
300 380 0
134 144 0
309 324 0
394 429 0
218 226 0
233 422 0
274 375 0
155 215 0
252 477 0
260 385 0
21 93 0
384 421 0
129 408 0
145 331 0
372 411 0
285 357 0
296 482 0
295 440 0
8 42 0
136 304 0
313 324 0
374 486 0
193 394 0
263 273 0
2 407 0
120 323 0
2 291 0
173 253 0
320 427 0
182 419 0
374 428 0
104 348 0
67 312 0
52 160 0
21 340 0
49 121 0
39 382 0
430 463 0
36 112 0
101 107 0
8 227 0
41 155 0
156 464 0
256 325 0
166 200 0
95 116 0
396 473 0
250 396 0
98 215 0
202 470 0
250 427 0
165 310 0
61 372 0
148 337 0
112 187 0
106 264 0
66 327 0
271 436 0
344 475 0
109 355 0
55 252 0
334 453 0
21 284 0
256 323 0
12 329 0
363 428 0
272 429 0
23 120 0
265 382 0
38 399 0
145 268 0
376 397 0
16 112 0
8 174 0
31 268 0
209 286 0
141 372 0
115 206 0
136 467 0
38 481 0
44 420 0
332 446 0
371 384 0
358 454 0
91 218 0
408 412 0
57 358 0
260 310 0
45 440 0
253 456 0
21 484 0
407 482 0
46 329 0
165 433 0
371 419 0
12 188 0
246 473 0
112 143 0
142 191 0
256 451 0
12 408 0
84 444 0
322 325 0
122 151 0
83 326 0
98 220 0
153 364 0
313 458 0
318 473 0
40 341 0
67 349 0
271 364 0
435 476 0
106 343 0
59 111 0
372 440 0
238 415 0
158 250 0
137 430 0
86 181 0
160 426 0
208 357 0
149 388 0
205 343 0
228 315 0
263 398 0
83 363 0
127 271 0
61 264 0
118 242 0
201 389 0
17 192 0
132 285 0
365 385 0
5 433 0
284 456 0
329 372 0
213 257 0
350 409 0
199 333 0
63 451 0
227 245 0
423 486 0
148 299 0
183 477 0
176 185 0
372 403 0
214 249 0
208 434 0
33 183 0
321 355 0
14 71 0
23 294 0
9 66 0
30 417 0
292 332 0
220 296 0
7 482 0
5 481 0
93 377 0
6 101 0
99 101 0
17 111 0
321 446 0
51 253 0
190 340 0
52 473 0
207 308 0
247 450 0
146 406 0
1 235 0
218 460 0
463 476 0
203 276 0
12 245 0
392 413 0
79 278 0
77 295 0
4 21 0
225 283 0
244 352 0
40 303 0
83 89 0
216 368 0
162 290 0
116 192 0
155 202 0
87 219 0
328 414 0
288 484 0
141 204 0
318 470 0
331 444 0
377 444 0
44 374 0
45 305 0
192 314 0
44 278 0
223 233 0
206 225 0
84 487 0
252 481 0
68 440 0
131 174 0
127 307 0
115 293 0
127 388 0
113 401 0
35 58 0
5 20 0
120 228 0
243 407 0
134 162 0
165 450 0
6 266 0
136 474 0
29 48 0
392 407 0
1 234 0
119 232 0
339 374 0
153 359 0
244 254 0
147 445 0
21 476 0
320 453 0
308 356 0
247 339 0
120 189 0
39 145 0
44 405 0
226 306 0
80 100 0
81 226 0
341 492 0
28 106 0
84 380 0
381 383 0
51 336 0
115 470 0
68 407 0
99 445 0
425 430 0
384 469 0
127 180 0
124 419 0
462 477 0
326 484 0
323 479 0
51 255 0
406 411 0
80 158 0
90 264 0
214 490 0
377 492 0
20 30 0
299 490 0
220 318 0
32 302 0
172 232 0
90 241 0
61 381 0
122 274 0
67 159 0
116 215 0
341 423 0
291 457 0
130 141 0
88 91 0
68 249 0
397 452 0
290 317 0
435 443 0
56 140 0
290 466 0
23 424 0
233 265 0
76 428 0
274 281 0
324 435 0
86 111 0
3 395 0
347 458 0
195 404 0
230 261 0
122 216 0
145 333 0
14 36 0
73 295 0
72 104 0
387 429 0
16 445 0
16 132 0
36 416 0
196 353 0
73 165 0
9 400 0
87 253 0
389 466 0
338 384 0
345 403 0
162 299 0
67 193 0
84 446 0
180 329 0
422 478 0
65 353 0
125 315 0
5 311 0
162 231 0
131 314 0
111 218 0
65 335 0
119 365 0
337 476 0
237 323 0
360 493 0
24 216 0
197 377 0
174 317 0
160 438 0
289 322 0
292 296 0
98 304 0
154 406 0
175 333 0
19 294 0
350 477 0
71 94 0
231 357 0
199 205 0
67 144 0
101 187 0
91 354 0
90 355 0
3 312 0
361 374 0
32 34 0
86 369 0
29 37 0
21 329 0
134 493 0
63 344 0
248 483 0
188 389 0
28 393 0
155 266 0
182 191 0
225 437 0
120 282 0
73 259 0
247 380 0
21 342 0
432 456 0
128 407 0
171 277 0
61 236 0
204 357 0
3 244 0
27 39 0
89 398 0
134 302 0
279 325 0
168 458 0
39 186 0
85 291 0
35 251 0
289 366 0
80 443 0
190 420 0
31 55 0
74 408 0
46 177 0
74 410 0
269 418 0
98 112 0
295 464 0
394 457 0
232 361 0
181 436 0
197 417 0
363 440 0
462 489 0
97 451 0
202 429 0
342 460 0
196 484 0
119 223 0
213 393 0
150 160 0
225 292 0
384 434 0
124 276 0
146 434 0
206 465 0
9 297 0
74 129 0
19 243 0
83 382 0
128 399 0
264 373 0
291 329 0
114 250 0
182 279 0
85 231 0
306 464 0
133 365 0
307 432 0
115 140 0
362 478 0
127 138 0
93 471 0
72 423 0
400 449 0
46 479 0
338 488 0
82 99 0
32 194 0
186 396 0
201 317 0
20 339 0
341 442 0
190 239 0
99 398 0
227 271 0
33 361 0
262 324 0
198 216 0
129 219 0
248 342 0
167 435 0
373 400 0
133 246 0
231 372 0
121 157 0
100 148 0
157 184 0
277 481 0
230 244 0
4 441 0
268 356 0
81 97 0
58 479 0
356 456 0
27 217 0
198 433 0
148 246 0
323 422 0
172 181 0
225 351 0
354 382 0
104 232 0
130 454 0
124 322 0
45 213 0
99 301 0
138 203 0
236 241 0
37 95 0
288 483 0
26 246 0
248 313 0
261 265 0
86 281 0
65 379 0
17 149 0
284 442 0
302 384 0
289 422 0
262 400 0
72 80 0
7 352 0
81 335 0
84 450 0
40 490 0
388 458 0
219 293 0
147 321 0
94 478 0
151 469 0
101 147 0
147 304 0
136 147 0
323 445 0
43 373 0
16 316 0
222 438 0
406 482 0
196 300 0
127 260 0
38 41 0
150 155 0
55 76 0
34 458 0
127 364 0
21 61 0
3 119 0
113 477 0
61 326 0
15 198 0
39 163 0
79 453 0
11 160 0
341 350 0
233 254 0
79 186 0
16 344 0
60 208 0
134 439 0
135 433 0
259 470 0
93 161 0
87 97 0
68 434 0
2 390 0
110 171 0
474 490 0
301 347 0
240 471 0
62 234 0
210 291 0
290 403 0
259 355 0
20 388 0
22 481 0
318 392 0
162 465 0
447 458 0
42 283 0
62 144 0
235 348 0
125 147 0
156 252 0
189 367 0
157 448 0
12 437 0
144 244 0
8 16 0
175 218 0
40 452 0
266 448 0
193 269 0
12 411 0
33 46 0
301 314 0
95 464 0
252 429 0
137 150 0
257 488 0
1 467 0
12 124 0
486 493 0
156 211 0
471 487 0
230 284 0
29 444 0
79 92 0
207 307 0
40 458 0
124 315 0
98 106 0
5 144 0
102 395 0
107 181 0
466 480 0
206 333 0
240 318 0
67 402 0
110 189 0
29 74 0
15 378 0
15 420 0
129 151 0
361 431 0
26 386 0
375 471 0
61 361 0
246 258 0
187 283 0
449 467 0
388 396 0
147 389 0
263 477 0
146 379 0
29 155 0
67 119 0
207 358 0
90 245 0
311 468 0
230 394 0
274 387 0
125 221 0
465 491 0
102 341 0
235 309 0
139 167 0
48 263 0
63 145 0
104 107 0
39 279 0
170 421 0
242 397 0
60 371 0
105 159 0
388 475 0
5 223 0
89 463 0
90 431 0
344 386 0
7 32 0
277 339 0
16 269 0
51 366 0
329 401 0
168 247 0
100 182 0
72 301 0
266 296 0
27 214 0
247 482 0
84 379 0
119 451 0
237 374 0
26 451 0
175 415 0
23 366 0
156 414 0
115 446 0
212 402 0
144 196 0
139 374 0
79 106 0
146 171 0
329 479 0
190 268 0
318 425 0
129 356 0
119 342 0
1 136 0
151 242 0
259 407 0
141 418 0
223 273 0
364 369 0
34 294 0
198 205 0
259 327 0
54 283 0
55 200 0
51 110 0
52 418 0
38 159 0
261 360 0
307 331 0
340 390 0
146 342 0
52 235 0
317 421 0
163 261 0
54 128 0
331 346 0
57 306 0
297 429 0
229 352 0
431 460 0
359 394 0
21 368 0
274 307 0
247 422 0
59 258 0
177 417 0
46 175 0
390 396 0
359 405 0
266 473 0
210 279 0
94 280 0
211 258 0
4 33 0
58 472 0
117 465 0
282 454 0
40 440 0
156 226 0
69 181 0
20 478 0
300 357 0
39 167 0
247 296 0
410 493 0
123 405 0
442 477 0
197 316 0
89 296 0
1 23 0
302 433 0
387 412 0
90 395 0
195 490 0
9 404 0
219 268 0
57 186 0
85 146 0
170 399 0
142 240 0
102 322 0
109 167 0
55 407 0
6 135 0
85 388 0
18 414 0
31 339 0
40 421 0
84 346 0
344 387 0
18 158 0
248 265 0
167 394 0
429 463 0
9 131 0
246 386 0
203 493 0
229 446 0
196 471 0
44 343 0
26 91 0
8 451 0
293 327 0
84 350 0
99 384 0
12 147 0
216 303 0
404 457 0
10 103 0
64 431 0
64 229 0
28 263 0
73 488 0
451 455 0
334 459 0
52 420 0
118 364 0
203 352 0
37 466 0
120 356 0
259 481 0
13 338 0
239 378 0
111 384 0
146 436 0
112 153 0
387 415 0
207 228 0
49 492 0
269 319 0
105 212 0
211 383 0
75 303 0
62 151 0
52 134 0
139 290 0
8 489 0
404 423 0
216 256 0
220 354 0
383 491 0
174 227 0
152 220 0
41 131 0
4 180 0
268 451 0
165 442 0
196 310 0
82 184 0
186 472 0
332 440 0
66 154 0
378 435 0
141 194 0
119 187 0
179 443 0
140 281 0
272 311 0
70 382 0
255 419 0
198 299 0
75 430 0
346 377 0
31 97 0
138 171 0
259 291 0
406 417 0
26 144 0
118 208 0
112 343 0
23 47 0
17 477 0
149 465 0
201 281 0
188 273 0
267 408 0
328 344 0
105 339 0
119 378 0
90 468 0
102 304 0
51 186 0
154 362 0
76 90 0
150 384 0
10 25 0
43 162 0
340 404 0
8 438 0
48 479 0
280 476 0
198 298 0
315 407 0
124 313 0
37 150 0
171 247 0
150 405 0
143 301 0
54 267 0
85 204 0
127 403 0
112 337 0
405 408 0
41 325 0
189 291 0
48 228 0
116 469 0
119 260 0
146 219 0
296 444 0
238 449 0
208 384 0
215 337 0
75 444 0
75 353 0
281 483 0
210 437 0
267 376 0
122 269 0
352 365 0
111 374 0
244 420 0
121 239 0
220 221 0
298 375 0
251 368 0
366 428 0
227 487 0
151 329 0
182 268 0
240 467 0
15 227 0
266 464 0
13 202 0
172 312 0
23 480 0
267 453 0
38 211 0
79 226 0
401 420 0
165 411 0
274 444 0
183 412 0
128 231 0
63 277 0
192 244 0
251 305 0
31 456 0
151 306 0
462 487 0
245 363 0
330 332 0
82 315 0
143 190 0
3 263 0
223 295 0
200 284 0
130 338 0
44 58 0
178 203 0
417 452 0
382 426 0
223 368 0
342 481 0
199 291 0
124 142 0
25 218 0
41 437 0
33 119 0
218 477 0
235 290 0
87 94 0
87 440 0
228 438 0
222 254 0
82 424 0
119 340 0
112 446 0
172 302 0
156 375 0
221 343 0
194 263 0
75 236 0
16 353 0
140 377 0
16 105 0
262 402 0
26 299 0
50 320 0
294 477 0
124 296 0
172 252 0
83 150 0
156 415 0
330 423 0
82 116 0
134 269 0
262 343 0
20 223 0
105 151 0
149 414 0
121 131 0
442 446 0
73 149 0
324 469 0
141 314 0
157 373 0
373 406 0
57 268 0
189 479 0
89 255 0
271 305 0
76 85 0
420 476 0
124 176 0
7 319 0
193 404 0
320 441 0
34 297 0
27 218 0
58 324 0
161 404 0
282 456 0
21 446 0
393 446 0
61 249 0
98 174 0
44 444 0
96 467 0
271 402 0
2 477 0
133 307 0
237 398 0
358 384 0
264 369 0
60 114 0
394 460 0
84 120 0
202 295 0
149 267 0
4 100 0
64 127 0
267 439 0
159 401 0
333 484 0
234 463 0
2 325 0
40 410 0
17 445 0
109 393 0
133 486 0
11 303 0
267 360 0
8 324 0
344 379 0
66 75 0
437 476 0
261 488 0
184 248 0
153 173 0
91 257 0
219 439 0
25 124 0
129 172 0
185 187 0
14 285 0
66 76 0
161 213 0
40 320 0
242 255 0
401 445 0
115 423 0
274 296 0
183 439 0
35 49 0
26 480 0
158 203 0
104 321 0
325 450 0
163 368 0
224 258 0
123 198 0
225 255 0
216 457 0
328 455 0
257 489 0
87 486 0
175 253 0
18 222 0
42 125 0
244 342 0
328 345 0
87 194 0
295 393 0
92 354 0
291 310 0
40 218 0
219 388 0
72 310 0
41 108 0
286 463 0
35 200 0
60 378 0
169 418 0
262 346 0
91 366 0
66 239 0
11 336 0
113 312 0
49 54 0
37 475 0
296 465 0
94 129 0
214 261 0
36 348 0
470 477 0
179 217 0
81 212 0
16 93 0
179 224 0
130 312 0
49 183 0
179 216 0
123 353 0
351 353 0
197 215 0
172 363 0
51 91 0
113 438 0
396 457 0
121 442 0
104 294 0
245 265 0
407 451 0
95 283 0
176 281 0
418 432 0
129 429 0
157 414 0
6 258 0
177 429 0
223 382 0
82 153 0
10 233 0
109 290 0
258 366 0
224 428 0
48 476 0
380 384 0
34 238 0
25 433 0
118 329 0
331 376 0
246 368 0
153 196 0
10 323 0
48 298 0
33 216 0
92 433 0
13 227 0
36 104 0
349 458 0
275 328 0
22 236 0
3 170 0
222 270 0
125 456 0
133 229 0
103 455 0
170 413 0
255 485 0
200 248 0
195 384 0
162 468 0
337 368 0
26 359 0
11 148 0
253 323 0
53 398 0
80 385 0
29 127 0
110 351 0
61 92 0
235 404 0
87 303 0
79 297 0
109 397 0
227 261 0
141 166 0
16 436 0
407 453 0
188 196 0
346 436 0
6 234 0
30 350 0
70 298 0
59 149 0
1 209 0
72 350 0
236 480 0
206 307 0
108 109 0
88 489 0
40 114 0
198 200 0
92 173 0
106 276 0
381 442 0
221 418 0
256 369 0
290 324 0
53 304 0
141 227 0
54 354 0
133 243 0
131 416 0
156 357 0
307 309 0
198 409 0
108 457 0
122 222 0
171 408 0
116 170 0
196 239 0
80 420 0
202 208 0
89 197 0
94 380 0
39 476 0
248 325 0
102 437 0
115 412 0
262 311 0
157 217 0
2 28 0
300 394 0
217 262 0
91 212 0
185 271 0
92 295 0
43 67 0
244 319 0
54 444 0
54 207 0
144 309 0
271 468 0
196 246 0
97 175 0
293 300 0
5 352 0
338 446 0
63 438 0
310 336 0
99 129 0
50 212 0
89 120 0
221 358 0
147 289 0
287 424 0
51 261 0
3 305 0
313 395 0
321 413 0
5 167 0
212 338 0
99 267 0
184 198 0
350 439 0
459 484 0
7 180 0
193 476 0
195 286 0
200 468 0
453 491 0
230 406 0
275 471 0
44 397 0
76 153 0
50 491 0
280 365 0
101 163 0
274 379 0
62 380 0
70 336 0
210 307 0
190 302 0
69 279 0
140 211 0
140 221 0
192 239 0
320 493 0
386 460 0
20 281 0
75 148 0
90 93 0
452 458 0
166 395 0
364 478 0
189 355 0
119 465 0
139 212 0
320 379 0
432 483 0
187 305 0
283 479 0
113 421 0
21 471 0
167 436 0
151 309 0
53 370 0
54 418 0
23 87 0
47 410 0
194 431 0
207 310 0
249 408 0
26 418 0
86 443 0
31 73 0
206 273 0
108 413 0
149 483 0
30 337 0
117 404 0
115 228 0
143 402 0
160 190 0
279 403 0
383 455 0
37 440 0
193 440 0
7 315 0
299 357 0
139 268 0
181 391 0
54 340 0
105 168 0
45 206 0
15 329 0
6 95 0
198 411 0
32 244 0
24 349 0
399 479 0
46 233 0
169 451 0
260 421 0
220 341 0
70 75 0
392 393 0
308 454 0
175 209 0
418 463 0
131 144 0
355 426 0
106 304 0
271 307 0
64 250 0
20 450 0
110 207 0
192 281 0
120 393 0
386 431 0
97 427 0
108 424 0
175 419 0
422 482 0
139 266 0
214 247 0
105 218 0
26 407 0
78 90 0
100 116 0
34 164 0
41 76 0
155 176 0
259 376 0
44 407 0
259 324 0
41 424 0
39 310 0
78 304 0
64 173 0
143 205 0
20 287 0
47 427 0
231 251 0
18 125 0
50 188 0
212 438 0
123 426 0
266 360 0
161 383 0
53 184 0
159 196 0
355 396 0
148 226 0
285 459 0
406 408 0
298 427 0
65 432 0
28 192 0
417 489 0
131 282 0
122 259 0
380 383 0
94 246 0
94 102 0
425 492 0
141 294 0
36 133 0
147 356 0
56 74 0
98 164 0
37 45 0
208 241 0
139 437 0
221 316 0
135 364 0
16 310 0
170 452 0
81 460 0
418 434 0
350 377 0
50 96 0
361 397 0
334 417 0
126 355 0
348 454 0
62 81 0
227 482 0
77 138 0
235 461 0
107 400 0
132 140 0
178 354 0
180 221 0
39 491 0
177 300 0
58 241 0
287 395 0
42 452 0
424 474 0
325 343 0
183 385 0
84 326 0
30 141 0
44 419 0
343 344 0
161 373 0
144 147 0
27 209 0
135 178 0
118 326 0
206 454 0
52 354 0
359 403 0
71 300 0
4 246 0
103 259 0
15 207 0
85 197 0
40 378 0
27 279 0
385 460 0
278 387 0
82 267 0
20 238 0
375 481 0
190 359 0
76 463 0
214 363 0
31 350 0
239 325 0
192 199 0
335 396 0
276 459 0
484 485 0
109 231 0
123 316 0
111 267 0
284 356 0
129 425 0
112 148 0
210 387 0
178 343 0
36 408 0
440 469 0
176 186 0
85 97 0
154 271 0
56 482 0
147 272 0
134 397 0
194 377 0
154 223 0
244 364 0
101 371 0
177 471 0
279 392 0
228 442 0
311 424 0
259 383 0
144 416 0
156 189 0
139 344 0
134 266 0
191 394 0
109 260 0
17 195 0
162 394 0
42 57 0
253 366 0
32 488 0
254 402 0
193 406 0
242 478 0
205 469 0
86 420 0
283 403 0
150 403 0
92 334 0
319 366 0
7 293 0
234 396 0
224 465 0
239 408 0
243 441 0
368 472 0
103 367 0
431 449 0
132 300 0
101 383 0
215 491 0
79 329 0
69 480 0
67 257 0
323 400 0
326 443 0
19 262 0
93 357 0
393 414 0
422 472 0
105 410 0
363 458 0
429 479 0
104 420 0
44 132 0
176 330 0
164 307 0
109 161 0
215 277 0
40 159 0
19 127 0
309 486 0
134 213 0
306 312 0
101 373 0
281 439 0
27 411 0
73 98 0
100 152 0
74 412 0
176 231 0
170 343 0
230 392 0
422 484 0
282 359 0
173 355 0
100 239 0
258 402 0
237 377 0
75 384 0
10 247 0
74 392 0
56 292 0
367 465 0
116 455 0
97 363 0
28 433 0
7 370 0
46 51 0
150 193 0
1 405 0
257 345 0
321 342 0
205 286 0
249 317 0
219 446 0
208 429 0
192 301 0
255 354 0
69 304 0
78 91 0
410 447 0
203 305 0
11 280 0
15 115 0
261 476 0
78 207 0
46 80 0
155 259 0
26 409 0
62 197 0
106 109 0
158 455 0
176 229 0
198 474 0
193 345 0
52 307 0
158 397 0
22 232 0
92 351 0
248 426 0
93 354 0
256 310 0
98 316 0
22 126 0
203 266 0
237 341 0
43 191 0
359 483 0
163 174 0
303 386 0
125 350 0
462 492 0
42 467 0
45 376 0
107 294 0
178 337 0
321 405 0
179 222 0
9 468 0
25 152 0
119 364 0
294 482 0
95 486 0
150 202 0
340 440 0
102 310 0
220 460 0
235 445 0
171 173 0
437 452 0
266 478 0
155 420 0
350 381 0
449 483 0
70 197 0
388 456 0
103 346 0
127 352 0
143 276 0
284 314 0
3 136 0
280 400 0
186 298 0
119 349 0
128 306 0
17 53 0
370 453 0
43 410 0
66 166 0
208 310 0
19 33 0
276 454 0
217 227 0
194 454 0
320 461 0
135 293 0
239 456 0
21 192 0
67 176 0
391 425 0
273 417 0
23 350 0
369 479 0
200 481 0
172 468 0
143 323 0
89 291 0
358 463 0
45 433 0
22 112 0
233 315 0
62 444 0
211 370 0
404 443 0
194 395 0
355 370 0
345 442 0
246 404 0
218 248 0
22 302 0
70 77 0
151 330 0
365 378 0
142 311 0
4 116 0
151 358 0
18 374 0
122 235 0
295 437 0
76 225 0
285 309 0
146 364 0
214 310 0
41 274 0
26 353 0
59 337 0
357 369 0
54 378 0
179 256 0
34 424 0
49 290 0
139 458 0
237 363 0
30 73 0
21 144 0
93 418 0
316 440 0
167 480 0
264 275 0
210 374 0
225 263 0
73 200 0
215 390 0
336 436 0
36 295 0
311 388 0
62 421 0
190 456 0
68 140 0
14 423 0
239 436 0
3 75 0
63 325 0
257 456 0
302 439 0
429 455 0
47 105 0
427 453 0
56 104 0
392 448 0
151 310 0
139 168 0
133 276 0
472 490 0
176 482 0
37 401 0
130 417 0
78 176 0
114 234 0
260 357 0
54 235 0
273 406 0
146 238 0
284 358 0
56 193 0
220 328 0
156 165 0
187 411 0
262 322 0
64 446 0
243 309 0
57 450 0
1 391 0
3 467 0
17 242 0
91 178 0
169 219 0
60 307 0
170 216 0
291 411 0
347 443 0
6 339 0
273 374 0
457 465 0
190 377 0
58 214 0
104 118 0
394 416 0
24 78 0
273 316 0
185 476 0
133 215 0
55 268 0
256 437 0
141 243 0
239 367 0
185 231 0
181 325 0
152 263 0
13 258 0
205 282 0
93 299 0
23 416 0
302 345 0
12 143 0
449 487 0
64 474 0
82 427 0
131 220 0
110 403 0
336 412 0
74 271 0
185 196 0
181 414 0
1 2 0
17 199 0
28 347 0
163 433 0
109 202 0
123 427 0
195 290 0
394 434 0
236 438 0
37 53 0
37 112 0
22 482 0
50 210 0
40 59 0
127 282 0
80 365 0
161 262 0
173 354 0
5 123 0
170 345 0
293 384 0
4 24 0
11 453 0
66 251 0
467 487 0
83 165 0
200 460 0
102 324 0
227 364 0
40 104 0
279 409 0
215 424 0
6 92 0
256 413 0
64 345 0
285 436 0
42 332 0
52 138 0
211 305 0
51 88 0
282 459 0
254 493 0
270 345 0
136 420 0
203 240 0
329 358 0
380 471 0
9 67 0
364 430 0
327 426 0
123 473 0
394 418 0
165 280 0
263 436 0
250 483 0
133 447 0
40 381 0
213 285 0
23 446 0
296 467 0
49 151 0
84 92 0
5 288 0
228 296 0
99 104 0
50 153 0
145 382 0
254 338 0
273 422 0
291 382 0
295 337 0
20 172 0
105 316 0
117 230 0
263 475 0
34 122 0
13 157 0
138 274 0
446 479 0
309 380 0
35 429 0
257 431 0
72 123 0
163 279 0
144 264 0
194 222 0
114 384 0
23 335 0
227 355 0
84 427 0
336 493 0
123 276 0
390 425 0
367 440 0
324 335 0
245 449 0
65 470 0
162 186 0
63 161 0
50 325 0
67 106 0
187 480 0
28 254 0
107 277 0
86 173 0
106 399 0
154 341 0
344 465 0
20 203 0
42 210 0
8 402 0
68 111 0
65 412 0
153 480 0
155 358 0
84 237 0
133 455 0
167 205 0
128 154 0
335 454 0
212 474 0
165 426 0
15 142 0
192 468 0
65 322 0
158 307 0
39 369 0
56 247 0
12 130 0
224 398 0
236 359 0
13 49 0
259 441 0
225 424 0
24 481 0
87 328 0
258 410 0
111 426 0
80 307 0
75 231 0
337 420 0
14 295 0
291 299 0
33 461 0
65 332 0
103 106 0
187 479 0
117 347 0
35 141 0
117 480 0
253 289 0
273 397 0
383 429 0
174 292 0
253 344 0
333 371 0
219 410 0
94 445 0
80 285 0
335 388 0
79 118 0
270 466 0
40 141 0
272 312 0
151 345 0
137 394 0
148 196 0
170 229 0
45 212 0
381 411 0
336 457 0
251 403 0
130 210 0
296 451 0
54 288 0
67 357 0
102 415 0
134 368 0
73 182 0
93 356 0
101 164 0
311 316 0
134 285 0
292 493 0
155 422 0
180 458 0
4 12 0
115 161 0
421 457 0
272 372 0
75 467 0
14 44 0
335 432 0
242 301 0
130 137 0
83 378 0
210 262 0
138 429 0
254 310 0
29 76 0
175 420 0
27 438 0
64 213 0
206 377 0
154 225 0
86 386 0
16 475 0
6 18 0
316 439 0
80 192 0
89 233 0
63 112 0
326 435 0
139 380 0
190 467 0
36 390 0
10 293 0
82 207 0
70 126 0
259 472 0
169 305 0
100 296 0
74 182 0
8 259 0
288 330 0
25 453 0
55 175 0
134 283 0
134 157 0
147 391 0
134 445 0
148 203 0
204 274 0
222 477 0
204 492 0
275 358 0
192 386 0
161 308 0
84 473 0
177 477 0
24 390 0
437 441 0
298 357 0
67 384 0
82 437 0
313 390 0
213 309 0
13 440 0
87 417 0
159 178 0
52 269 0
79 290 0
46 266 0
182 408 0
116 418 0
313 381 0
137 253 0
157 382 0
264 353 0
164 424 0
324 493 0
63 303 0
308 353 0
201 273 0
420 427 0
308 389 0
149 172 0
34 135 0
168 278 0
103 475 0
109 424 0
100 339 0
232 271 0
196 452 0
224 366 0
205 418 0
40 379 0
41 119 0
18 128 0
46 403 0
83 340 0
94 122 0
368 436 0
137 326 0
144 411 0
133 327 0
143 391 0
31 385 0
64 341 0
227 332 0
149 270 0
198 257 0
363 473 0
324 349 0
36 318 0
165 490 0
86 175 0
203 253 0
241 353 0
264 412 0
94 164 0
44 409 0
209 342 0
192 245 0
319 425 0
89 372 0
319 419 0
50 472 0
48 154 0
13 170 0
26 240 0
286 450 0
51 383 0
297 400 0
207 423 0
14 94 0
410 434 0
153 191 0
10 414 0
254 374 0
331 458 0
260 324 0
22 283 0
137 372 0
177 362 0
350 453 0
230 282 0
37 342 0
12 302 0
83 111 0
164 358 0
201 309 0
35 436 0
387 479 0
27 266 0
198 492 0
190 279 0
25 178 0
65 78 0
100 287 0
299 313 0
263 422 0
112 488 0
13 403 0
43 434 0
2 10 0
79 428 0
137 146 0
49 295 0
101 225 0
38 363 0
360 466 0
24 303 0
75 286 0
16 420 0
201 298 0
71 219 0
133 233 0
127 183 0
127 204 0
174 480 0
338 457 0
222 231 0
137 402 0
186 251 0
167 183 0
30 345 0
196 266 0
50 372 0
89 243 0
48 91 0
137 426 0
56 313 0
435 483 0
55 445 0
147 359 0
403 430 0
28 88 0
246 488 0
63 337 0
8 56 0
379 417 0
26 40 0
18 28 0
86 363 0
292 432 0
323 452 0
253 265 0
432 433 0
244 477 0
68 437 0
410 451 0
327 381 0
216 331 0
395 399 0
138 331 0
278 447 0
57 400 0
93 457 0
80 236 0
68 205 0
63 124 0
167 476 0
135 319 0
196 291 0
197 337 0
285 387 0
198 420 0
281 488 0
159 371 0
362 385 0
27 236 0
375 426 0
218 352 0
250 435 0
38 153 0
134 379 0
12 122 0
371 394 0
102 380 0
322 428 0
152 483 0
29 49 0
56 130 0
166 457 0
263 325 0
184 335 0
207 349 0
126 405 0
253 358 0
71 337 0
239 299 0
471 477 0
150 406 0
255 414 0
322 491 0
343 472 0
205 244 0
180 244 0
147 210 0
194 372 0
183 295 0
119 183 0
92 297 0
25 199 0
110 248 0
188 308 0
19 73 0
183 445 0
330 458 0
157 362 0
75 211 0
100 202 0
33 417 0
11 228 0
172 334 0
200 448 0
148 294 0
98 123 0
2 35 0
198 376 0
237 492 0
35 235 0
12 268 0
173 397 0
45 467 0
78 202 0
120 450 0
97 385 0
17 159 0
88 192 0
95 241 0
95 99 0
4 439 0
428 485 0
229 269 0
284 427 0
336 392 0
156 164 0
3 13 0
28 335 0
129 400 0
402 443 0
284 405 0
106 195 0
5 127 0
57 101 0
320 324 0
479 480 0
8 383 0
220 289 0
237 445 0
363 367 0
252 272 0
68 85 0
204 361 0
61 354 0
6 295 0
120 449 0
120 178 0
58 449 0
334 485 0
38 150 0
185 352 0
37 341 0
25 157 0
159 427 0
101 392 0
84 191 0
109 493 0
249 481 0
2 111 0
138 473 0
234 242 0
140 142 0
179 377 0
210 480 0
45 95 0
317 459 0
164 435 0
273 379 0
48 130 0
7 79 0
40 172 0
125 293 0
175 490 0
20 138 0
198 268 0
348 369 0
15 488 0
26 33 0
19 334 0
40 196 0
58 383 0
21 160 0
125 243 0
301 403 0
210 367 0
301 394 0
84 421 0
16 162 0
33 188 0
322 374 0
200 326 0
184 383 0
102 410 0
325 336 0
135 296 0
63 295 0
36 141 0
365 387 0
206 457 0
212 277 0
114 288 0
1 417 0
122 391 0
142 143 0
4 214 0
151 156 0
42 100 0
81 337 0
79 471 0
135 210 0
179 415 0
366 430 0
302 352 0
411 462 0
14 456 0
34 209 0
89 427 0
35 377 0
327 368 0
86 350 0
387 423 0
150 493 0
60 141 0
95 235 0
83 217 0
122 373 0
101 115 0
86 237 0
75 378 0
347 480 0
367 400 0
99 162 0
137 467 0
186 236 0
151 347 0
3 234 0
44 400 0
226 269 0
225 232 0
9 421 0
230 421 0
61 95 0
279 471 0
328 352 0
69 325 0
83 235 0
82 177 0
439 454 0
128 374 0
90 394 0
38 357 0
132 342 0
365 493 0
97 195 0
272 362 0
112 227 0
212 276 0
282 410 0
135 148 0
286 364 0
12 453 0
201 475 0
212 299 0
43 53 0
117 198 0
357 426 0
34 88 0
226 406 0
39 256 0
380 438 0
111 450 0
78 445 0
441 442 0
159 426 0
34 247 0
330 381 0
68 290 0
180 307 0
374 453 0
76 93 0
271 410 0
428 471 0
146 447 0
144 154 0
140 472 0
54 198 0
329 391 0
1 183 0
47 336 0
17 29 0
165 258 0
94 305 0
145 368 0
86 338 0
410 484 0
139 393 0
274 466 0
256 345 0
320 431 0
139 378 0
23 355 0
301 302 0
166 336 0
28 234 0
290 352 0
227 264 0
318 395 0
37 448 0
36 276 0
262 406 0
257 301 0
56 230 0
359 472 0
166 481 0
246 304 0
11 432 0
392 433 0
163 348 0
75 338 0
10 202 0
259 303 0
9 356 0
107 167 0
270 408 0
110 481 0
134 384 0
226 418 0
71 437 0
16 82 0
118 422 0
22 350 0
229 358 0
116 354 0
237 423 0
16 398 0
213 287 0
112 476 0
116 374 0
256 409 0
90 436 0
331 335 0
365 401 0
53 254 0
101 324 0
29 61 0
40 217 0
239 373 0
109 110 0
156 476 0
149 308 0
136 380 0
54 291 0
63 384 0
207 385 0
44 178 0
267 468 0
243 297 0
31 98 0
261 438 0
44 356 0
334 489 0
165 451 0
57 337 0
49 197 0
221 233 0
448 470 0
7 397 0
350 484 0
127 376 0
90 142 0
33 412 0
185 249 0
1 4 0
159 172 0
191 472 0
93 139 0
392 487 0
26 134 0
164 172 0
56 93 0
193 426 0
12 345 0
78 474 0
94 263 0
164 375 0
115 307 0
59 242 0
4 11 0
255 371 0
75 140 0
252 386 0
44 462 0
70 192 0
8 67 0
2 451 0
190 328 0
39 394 0
52 55 0
125 259 0
125 487 0
20 374 0
375 421 0
2 80 0
18 159 0
218 222 0
90 133 0
193 454 0
99 387 0
132 162 0
256 261 0
15 118 0
342 349 0
238 336 0
109 294 0
80 95 0
18 66 0
72 359 0
228 242 0
244 250 0
34 188 0
369 472 0
51 211 0
151 267 0
202 341 0
29 377 0
380 448 0
367 485 0
175 272 0
121 276 0
158 318 0
30 202 0
4 6 0
288 493 0
7 314 0
5 348 0
105 210 0
2 480 0
182 187 0
127 190 0
78 306 0
234 277 0
155 436 0
337 377 0
268 311 0
31 333 0
193 457 0
152 492 0
24 153 0
32 227 0
24 301 0
290 477 0
212 330 0
276 318 0
88 373 0
10 255 0
227 451 0
20 412 0
416 493 0
104 138 0
26 50 0
240 448 0
332 377 0
266 490 0
264 463 0
342 402 0
188 447 0
190 382 0
283 308 0
284 390 0
87 206 0
6 477 0
39 455 0
150 324 0
97 303 0
78 335 0
155 369 0
90 420 0
39 448 0
475 481 0
206 292 0
230 264 0
142 226 0
415 465 0
157 409 0
37 44 0
375 465 0
27 44 0
44 120 0
358 392 0
45 296 0
266 301 0
164 179 0
305 325 0
323 433 0
50 179 0
307 417 0
308 371 0
22 423 0
115 487 0
144 242 0
225 242 0
342 383 0
290 308 0
17 263 0
341 410 0
77 364 0
36 89 0
296 327 0
207 483 0
475 482 0
161 420 0
48 75 0
149 401 0
41 139 0
51 133 0
149 324 0
201 423 0
280 485 0
98 218 0
152 254 0
239 288 0
388 416 0
122 136 0
31 407 0
129 368 0
45 131 0
426 454 0
205 233 0
428 437 0
257 313 0
111 459 0
1 424 0
81 301 0
149 352 0
376 404 0
140 276 0
106 144 0
143 203 0
297 383 0
40 147 0
310 445 0
63 147 0
72 377 0
177 366 0
372 485 0
42 303 0
206 232 0
69 296 0
55 149 0
65 204 0
33 218 0
254 488 0
25 351 0
155 296 0
94 109 0
297 312 0
162 182 0
368 486 0
107 119 0
281 404 0
479 482 0
92 343 0
17 64 0
326 455 0
122 356 0
365 440 0
119 486 0
38 289 0
267 401 0
411 444 0
134 472 0
51 278 0
257 491 0
268 493 0
322 364 0
238 307 0
5 493 0
184 275 0
90 456 0
183 433 0
122 474 0
360 396 0
27 466 0
11 46 0
230 364 0
362 455 0
235 254 0
313 340 0
215 279 0
183 456 0
189 258 0
10 402 0
16 114 0
4 458 0
85 171 0
280 481 0
137 478 0
261 385 0
98 419 0
232 346 0
39 102 0
5 165 0
234 365 0
5 49 0
1 447 0
2 161 0
247 322 0
57 413 0
68 284 0
377 479 0
43 288 0
79 474 0
403 487 0
7 234 0
71 84 0
310 334 0
214 314 0
14 46 0
302 382 0
194 201 0
99 105 0
154 194 0
12 174 0
340 371 0
220 312 0
143 458 0
141 251 0
39 85 0
179 296 0
135 173 0
15 63 0
328 349 0
199 454 0
32 231 0
16 292 0
210 384 0
75 322 0
227 431 0
19 88 0
345 384 0
187 437 0
164 422 0
16 42 0
45 304 0
127 481 0
87 357 0
83 480 0
210 444 0
306 419 0
296 382 0
261 362 0
278 326 0
129 306 0
82 488 0
6 221 0
315 324 0
291 453 0
286 405 0
4 467 0
288 485 0
229 291 0
146 303 0
378 446 0
91 256 0
130 487 0
174 281 0
205 267 0
54 460 0
153 400 0
260 326 0
155 371 0
166 243 0
115 421 0
104 409 0
138 413 0
353 432 0
250 297 0
138 197 0
50 348 0
46 491 0
32 204 0
77 404 0
229 458 0
277 431 0
108 420 0
41 422 0
56 245 0
106 199 0
221 476 0
80 146 0
287 358 0
102 413 0
226 357 0
105 434 0
157 228 0
237 446 0
137 145 0
96 468 0
24 30 0
26 66 0
142 486 0
206 395 0
100 408 0
225 236 0
114 117 0
348 404 0
116 134 0
12 367 0
241 412 0
20 144 0
163 205 0
215 448 0
423 442 0
129 363 0
286 395 0
170 171 0
254 342 0
314 320 0
407 488 0
75 429 0
266 317 0
129 319 0
154 485 0
383 419 0
269 396 0
33 125 0
160 246 0
16 67 0
128 405 0
3 416 0
309 395 0
188 201 0
146 340 0
12 463 0
109 154 0
227 397 0
125 246 0
60 330 0
131 315 0
23 484 0
102 445 0
276 481 0
65 374 0
376 448 0
24 165 0
41 322 0
55 238 0
39 223 0
418 493 0
338 345 0
237 291 0
408 432 0
79 418 0
263 464 0
84 179 0
244 304 0
60 492 0
230 289 0
164 477 0
18 269 0
76 196 0
373 462 0
73 101 0
53 249 0
93 294 0
204 348 0
166 453 0
64 362 0
139 173 0
234 288 0
285 341 0
146 148 0
287 458 0
404 427 0
55 108 0
141 202 0
275 405 0
35 468 0
42 90 0
137 225 0
310 453 0
29 432 0
30 188 0
28 232 0
323 449 0
185 226 0
37 418 0
366 446 0
157 477 0
155 484 0
240 406 0
313 433 0
364 485 0
3 396 0
213 281 0
28 346 0
10 115 0
33 67 0
421 463 0
316 382 0
28 341 0
198 234 0
279 370 0
267 409 0
80 263 0
304 317 0
78 382 0
441 463 0
158 388 0
204 360 0
119 320 0
169 265 0
42 449 0
277 300 0
278 421 0
75 399 0
53 119 0
52 298 0
130 471 0
322 342 0
182 460 0
40 270 0
27 46 0
30 186 0
140 462 0
74 483 0
303 458 0
18 315 0
169 180 0
124 355 0
153 394 0
396 485 0
69 421 0
301 457 0
23 394 0
271 376 0
160 196 0
104 112 0
5 349 0
428 492 0
79 147 0
116 273 0
315 385 0
347 353 0
60 259 0
105 292 0
294 432 0
368 448 0
41 86 0
143 273 0
89 492 0
422 440 0
220 290 0
283 429 0
334 486 0
149 445 0
153 179 0
100 489 0
10 301 0
261 449 0
116 224 0
111 393 0
205 393 0
183 443 0
227 321 0
276 439 0
47 310 0
175 251 0
8 37 0
305 350 0
154 441 0
295 472 0
90 464 0
224 242 0
160 315 0
128 406 0
185 297 0
95 393 0
1 354 0
24 392 0
396 440 0
225 482 0
238 333 0
17 283 0
47 185 0
121 235 0
10 336 0
16 217 0
40 135 0
65 429 0
83 483 0
103 466 0
140 202 0
162 321 0
348 349 0
17 250 0
297 438 0
17 165 0
132 358 0
42 445 0
87 168 0
182 339 0
76 211 0
299 326 0
22 106 0
274 467 0
156 223 0
42 224 0
92 201 0
206 440 0
28 239 0
59 490 0
83 356 0
212 336 0
253 362 0
231 308 0
29 197 0
200 493 0
12 323 0
248 397 0
11 27 0
21 317 0
96 195 0
229 237 0
62 302 0
160 407 0
169 174 0
313 407 0
160 300 0
10 331 0
22 465 0
21 430 0
388 487 0
175 280 0
170 280 0
21 401 0
49 302 0
156 423 0
265 483 0
77 484 0
36 215 0
194 229 0
99 300 0
328 396 0
289 470 0
140 252 0
92 353 0
185 423 0
164 479 0
62 87 0
71 330 0
3 393 0
409 449 0
439 447 0
52 216 0
141 352 0
46 104 0
328 367 0
279 467 0
85 431 0
142 430 0
27 81 0
119 132 0
275 284 0
94 286 0
288 402 0
143 265 0
204 263 0
36 341 0
235 462 0
1 492 0
62 282 0
228 339 0
320 444 0
62 274 0
85 427 0
78 233 0
94 443 0
236 265 0
132 393 0
427 450 0
52 124 0
62 149 0
185 395 0
362 386 0
38 355 0
88 335 0
64 163 0
235 271 0
19 228 0
223 467 0
208 320 0
49 382 0
60 399 0
371 424 0
353 420 0
74 377 0
348 370 0
388 445 0
118 305 0
302 447 0
298 356 0
157 355 0
416 461 0
339 422 0
6 169 0
185 197 0
249 441 0
60 362 0
104 429 0
103 174 0
127 361 0
56 206 0
68 238 0
98 279 0
30 361 0
254 399 0
59 188 0
233 365 0
1 327 0
155 425 0
291 308 0
14 177 0
33 199 0
467 480 0
163 355 0
115 466 0
41 211 0
152 223 0
157 406 0
264 486 0
51 56 0
110 470 0
153 354 0
24 167 0
108 322 0
180 402 0
183 396 0
136 272 0
129 403 0
243 356 0
236 343 0
296 374 0
21 220 0
234 267 0
136 440 0
375 394 0
62 363 0
75 109 0
133 146 0
40 487 0
20 296 0
66 341 0
328 351 0
188 195 0
305 320 0
31 408 0
2 100 0
15 36 0
183 422 0
238 439 0
78 112 0
83 311 0
257 427 0
207 241 0
27 135 0
212 455 0
253 429 0
73 143 0
305 486 0
275 368 0
69 218 0
32 293 0
235 425 0
156 302 0
56 479 0
110 261 0
45 209 0
6 24 0
31 317 0
109 301 0
256 375 0
102 436 0
6 380 0
296 446 0
5 418 0
197 372 0
10 455 0
97 160 0
106 430 0
62 279 0
104 400 0
39 231 0
270 302 0
93 361 0
212 390 0
79 310 0
69 213 0
28 463 0
103 151 0
49 91 0
79 225 0
385 475 0
278 369 0
422 468 0
388 489 0
207 273 0
57 429 0
127 290 0
24 492 0
172 426 0
442 482 0
454 463 0
180 397 0
210 482 0
116 408 0
287 462 0
391 446 0
104 297 0
19 447 0
205 486 0
1 256 0
79 423 0
41 165 0
69 151 0
136 415 0
303 434 0
205 321 0
72 354 0
135 365 0
184 216 0
241 472 0
225 484 0
96 323 0
333 352 0
265 492 0
246 292 0
193 262 0
330 457 0
213 367 0
323 470 0
43 257 0
42 387 0
45 222 0
442 474 0
127 130 0
177 490 0
2 452 0
25 182 0
116 236 0
88 450 0
56 220 0
104 276 0
243 344 0
54 374 0
318 339 0
140 427 0
71 379 0
126 240 0
53 412 0
6 138 0
222 487 0
15 72 0
216 413 0
269 280 0
289 365 0
107 448 0
226 458 0
128 271 0
175 261 0
13 350 0
278 379 0
309 416 0
19 412 0
112 258 0
124 433 0
95 165 0
268 478 0
157 433 0
316 327 0
325 333 0
64 296 0
312 392 0
39 356 0
39 479 0
250 465 0
333 451 0
186 296 0
51 163 0
111 355 0
24 264 0
8 215 0
72 93 0
115 402 0
51 289 0
346 393 0
81 165 0
214 334 0
156 177 0
223 252 0
29 418 0
223 288 0
66 387 0
287 344 0
24 29 0
66 174 0
123 153 0
118 177 0
20 352 0
73 222 0
264 295 0
116 159 0
110 161 0
291 414 0
31 220 0
26 443 0
53 323 0
149 451 0
36 311 0
140 403 0
51 269 0
75 330 0
390 491 0
228 280 0
43 397 0
196 225 0
62 67 0
108 222 0
12 261 0
141 484 0
15 295 0
258 370 0
14 465 0
84 474 0
111 364 0
111 213 0
158 467 0
191 251 0
451 468 0
89 423 0
213 368 0
333 464 0
299 371 0
113 304 0
87 251 0
156 330 0
29 309 0
6 373 0
179 464 0
23 186 0
19 39 0
215 383 0
103 324 0
231 468 0
80 376 0
312 322 0
271 339 0
235 471 0
263 354 0
12 417 0
306 491 0
9 348 0
182 222 0
164 168 0
173 404 0
303 310 0
114 333 0
104 157 0
55 314 0
136 358 0
350 461 0
93 376 0
81 185 0
19 216 0
56 484 0
112 483 0
189 210 0
326 330 0
139 444 0
51 105 0
314 348 0
2 231 0
14 433 0
434 480 0
314 334 0
283 484 0
222 378 0
198 233 0
119 278 0
298 346 0
8 35 0
173 231 0
195 352 0
101 111 0
193 390 0
243 338 0
9 449 0
301 332 0
373 466 0
211 406 0
113 133 0
287 386 0
206 359 0
283 444 0
260 333 0
163 400 0
158 471 0
298 300 0
451 477 0
30 462 0
17 60 0
11 492 0
267 313 0
3 314 0
190 212 0
133 461 0
30 226 0
46 189 0
138 271 0
47 438 0
142 299 0
272 382 0
308 468 0
404 417 0
172 487 0
171 297 0
241 327 0
43 368 0
86 205 0
133 214 0
157 407 0
445 466 0
285 321 0
27 220 0
291 430 0
64 315 0
155 339 0
42 83 0
56 199 0
289 334 0
153 428 0
34 433 0
45 374 0
125 196 0
219 470 0
12 74 0
10 166 0
234 243 0
113 386 0
203 225 0
198 451 0
85 136 0
263 361 0
8 418 0
124 203 0
172 438 0
32 104 0
62 183 0
400 440 0
313 334 0
144 158 0
61 437 0
349 431 0
71 95 0
182 396 0
321 427 0
95 247 0
155 481 0
16 428 0
202 262 0
33 36 0
336 405 0
256 328 0
138 395 0
45 145 0
159 482 0
156 207 0
14 488 0
163 484 0
203 412 0
139 275 0
44 212 0
55 207 0
33 166 0
257 297 0
91 388 0
202 414 0
253 354 0
246 262 0
136 466 0
323 384 0
10 340 0
34 303 0
414 441 0
296 461 0
277 435 0
6 20 0
324 352 0
277 383 0
182 429 0
155 221 0
40 469 0
9 109 0
191 243 0
20 381 0
462 485 0
23 143 0
290 376 0
174 411 0
80 375 0
83 431 0
78 98 0
289 355 0
229 282 0
419 426 0
212 360 0
198 228 0
132 167 0
236 347 0
120 158 0
171 489 0
55 241 0
68 478 0
127 173 0
187 334 0
68 236 0
72 268 0
284 296 0
82 380 0
88 278 0
129 162 0
407 470 0
76 379 0
5 96 0
260 281 0
153 406 0
280 390 0
111 157 0
134 362 0
9 60 0
309 487 0
111 295 0
214 364 0
8 428 0
248 381 0
82 294 0
102 465 0
130 262 0
117 316 0
133 138 0
162 165 0
60 485 0
53 55 0
342 428 0
90 302 0
142 269 0
192 197 0
102 327 0
43 71 0
51 293 0
224 362 0
348 399 0
315 462 0
300 395 0
72 320 0
144 233 0
96 154 0
54 310 0
107 411 0
100 405 0
234 397 0
161 331 0
181 371 0
133 247 0
44 57 0
62 164 0
35 187 0
76 346 0
160 336 0
139 452 0
155 393 0
207 223 0
356 486 0
341 453 0
111 445 0
257 461 0
44 467 0
181 356 0
53 267 0
371 436 0
116 341 0
82 456 0
62 129 0
121 193 0
346 394 0
242 460 0
36 43 0
93 478 0
142 386 0
171 181 0
173 329 0
241 486 0
282 444 0
189 215 0
242 294 0
217 463 0
162 474 0
72 163 0
147 156 0
324 452 0
140 287 0
126 344 0
146 157 0
188 418 0
261 294 0
248 297 0
94 309 0
85 417 0
60 325 0
130 189 0
64 104 0
137 440 0
63 154 0
44 126 0
199 406 0
38 311 0
304 406 0
178 180 0
242 340 0
135 205 0
157 455 0
88 490 0
104 446 0
133 273 0
94 220 0
123 237 0
39 444 0
159 208 0
79 199 0
305 342 0
55 72 0
144 371 0
155 220 0
464 482 0
34 214 0
37 114 0
149 261 0
82 475 0
176 247 0
59 198 0
134 483 0
36 307 0
184 387 0
249 280 0
261 274 0
185 475 0
264 479 0
25 93 0
24 347 0
148 292 0
20 309 0
62 422 0
32 78 0
187 404 0
216 217 0
114 214 0
42 443 0
338 436 0
111 259 0
36 427 0
172 352 0
112 252 0
68 351 0
17 378 0
14 65 0
85 126 0
294 364 0
183 417 0
5 64 0
296 389 0
151 447 0
358 364 0
195 486 0
48 87 0
377 447 0
59 133 0
347 369 0
293 316 0
31 337 0
288 297 0
64 491 0
255 372 0
162 453 0
93 333 0
207 458 0
220 304 0
323 469 0
33 487 0
145 178 0
205 239 0
32 149 0
309 338 0
328 416 0
107 279 0
300 485 0
112 363 0
207 430 0
336 461 0
15 16 0
165 342 0
285 303 0
48 465 0
388 406 0
13 208 0
191 311 0
218 285 0
146 307 0
354 381 0
20 29 0
254 421 0
304 405 0
55 134 0
237 332 0
50 60 0
179 192 0
67 418 0
390 403 0
78 448 0
60 169 0
337 357 0
200 320 0
301 372 0
110 157 0
55 473 0
217 252 0
60 490 0
336 488 0
48 190 0
105 260 0
108 238 0
185 208 0
258 266 0
173 381 0
329 466 0
9 450 0
123 478 0
5 128 0
38 134 0
243 370 0
150 175 0
400 435 0
33 488 0
61 474 0
28 148 0
61 121 0
260 409 0
148 435 0
101 481 0
149 447 0
75 295 0
280 463 0
17 304 0
10 438 0
58 156 0
163 361 0
164 414 0
188 380 0
65 260 0
107 325 0
24 300 0
102 203 0
37 333 0
17 474 0
258 343 0
63 315 0
157 251 0
117 350 0
42 221 0
16 19 0
40 153 0
342 484 0
96 147 0
209 244 0
34 356 0
114 216 0
351 412 0
197 246 0
301 310 0
60 167 0
48 226 0
92 339 0
1 7 0
70 208 0
307 329 0
85 116 0
225 357 0
104 490 0
177 369 0
359 366 0
135 358 0
262 319 0
182 377 0
166 407 0
121 481 0
148 277 0
259 392 0
398 480 0
392 454 0
150 286 0
341 420 0
176 255 0
60 412 0
60 128 0
46 61 0
160 469 0
170 260 0
337 378 0
63 460 0
29 469 0
80 487 0
38 219 0
34 387 0
107 170 0
207 488 0
98 388 0
112 489 0
251 323 0
109 414 0
7 247 0
238 371 0
399 417 0
9 46 0
83 263 0
448 472 0
103 309 0
404 411 0
72 134 0
92 307 0
175 266 0
117 399 0
400 493 0
115 259 0
134 328 0
388 431 0
146 179 0
54 475 0
28 297 0
335 412 0
2 466 0
338 461 0
259 287 0
9 56 0
250 329 0
240 243 0
131 466 0
24 360 0
142 172 0
159 346 0
82 417 0
169 258 0
299 368 0
65 294 0
52 82 0
15 44 0
265 474 0
163 167 0
40 237 0
117 252 0
123 285 0
153 328 0
182 193 0
211 361 0
61 345 0
185 228 0
330 413 0
54 246 0
100 122 0
281 361 0
135 249 0
149 168 0
11 34 0
188 383 0
25 338 0
227 441 0
353 413 0
79 420 0
341 433 0
129 226 0
303 330 0
46 390 0
95 223 0
139 245 0
14 347 0
51 388 0
98 199 0
105 302 0
90 341 0
158 437 0
220 297 0
135 441 0
188 434 0
50 207 0
113 451 0
129 428 0
16 241 0
291 372 0
279 482 0
149 345 0
51 396 0
39 84 0
97 281 0
275 485 0
398 454 0
130 233 0
45 294 0
146 453 0
398 406 0
7 27 0
179 449 0
48 198 0
337 462 0
108 160 0
279 465 0
405 410 0
371 398 0
78 141 0
52 213 0
30 254 0
109 218 0
95 375 0
239 362 0
61 270 0
141 409 0
207 452 0
231 432 0
164 248 0
182 371 0
333 467 0
92 180 0
406 463 0
27 331 0
34 202 0
79 244 0
144 176 0
271 488 0
290 428 0
441 470 0
16 465 0
131 168 0
267 445 0
82 117 0
140 248 0
302 445 0
308 359 0
274 407 0
214 412 0
12 375 0
118 374 0
117 303 0
7 142 0
141 336 0
245 252 0
271 445 0
178 292 0
100 153 0
35 41 0
17 247 0
167 176 0
181 468 0
15 331 0
145 208 0
234 415 0
361 489 0
100 264 0
87 431 0
20 122 0
373 451 0
258 431 0
114 229 0
87 459 0
124 162 0
338 350 0
130 198 0
166 471 0
8 43 0
303 457 0
130 437 0
271 486 0
29 439 0
192 261 0
159 487 0
22 196 0
209 445 0
394 475 0
1 74 0
273 415 0
325 465 0
183 359 0
190 203 0
212 304 0
142 426 0
284 435 0
39 294 0
140 407 0
42 45 0
231 365 0
228 456 0
237 442 0
286 484 0
43 221 0
221 227 0
222 248 0
18 62 0
36 150 0
16 246 0
89 124 0
318 393 0
151 291 0
192 193 0
152 325 0
324 389 0
165 493 0
9 117 0
67 446 0
230 465 0
37 407 0
100 302 0
133 479 0
120 274 0
31 487 0
164 330 0
114 133 0
23 169 0
48 74 0
61 335 0
217 276 0
11 493 0
332 406 0
84 402 0
179 485 0
129 266 0
26 75 0
180 209 0
409 441 0
10 81 0
94 152 0
116 465 0
48 117 0
7 191 0
107 203 0
127 400 0
321 398 0
164 452 0
325 420 0
82 217 0
103 115 0
275 363 0
278 375 0
426 465 0
468 492 0
16 400 0
220 372 0
55 348 0
182 456 0
360 383 0
164 489 0
272 293 0
33 337 0
328 365 0
155 294 0
205 340 0
87 392 0
39 61 0
157 486 0
248 287 0
82 470 0
205 330 0
113 117 0
181 400 0
20 405 0
293 348 0
21 107 0
242 485 0
199 200 0
72 289 0
124 369 0
351 456 0
52 476 0
103 267 0
352 392 0
44 287 0
152 323 0
229 420 0
1 314 0
13 144 0
318 420 0
140 473 0
261 271 0
252 369 0
222 402 0
178 288 0
69 406 0
191 266 0
23 61 0
28 233 0
422 441 0
108 207 0
129 242 0
134 315 0
25 385 0
121 388 0
149 321 0
48 380 0
68 102 0
29 146 0
322 458 0
84 235 0
97 298 0
121 205 0
235 488 0
59 408 0
311 387 0
171 266 0
85 155 0
136 173 0
242 418 0
224 287 0
82 357 0
43 396 0
153 319 0
2 135 0
120 211 0
133 210 0
92 448 0
145 387 0
79 338 0
33 160 0
140 212 0
226 391 0
95 294 0
57 338 0
237 472 0
273 311 0
107 193 0
12 54 0
177 414 0
254 262 0
365 462 0
85 199 0
281 423 0
182 360 0
153 411 0
283 369 0
22 193 0
195 437 0
311 464 0
61 218 0
11 200 0
162 226 0
256 354 0
245 332 0
382 450 0
293 463 0
120 148 0
348 423 0
199 313 0
70 437 0
258 259 0
28 396 0
178 363 0
197 236 0
94 296 0
14 351 0
279 347 0
232 403 0
227 491 0
85 245 0
176 313 0
53 67 0
264 402 0
57 274 0
8 455 0
51 119 0
166 352 0
266 268 0
361 484 0
20 457 0
75 142 0
27 186 0
186 380 0
276 440 0
210 213 0
155 240 0
168 415 0
367 484 0
195 230 0
229 238 0
161 396 0
245 413 0
181 395 0
204 281 0
94 175 0
44 322 0
203 458 0
198 448 0
202 441 0
135 224 0
104 253 0
126 401 0
1 259 0
9 300 0
250 336 0
276 352 0
85 159 0
152 445 0
120 353 0
207 287 0
82 433 0
358 489 0
66 255 0
7 212 0
170 412 0
253 346 0
67 136 0
85 337 0
64 344 0
226 351 0
39 48 0
149 362 0
119 284 0
28 428 0
279 380 0
59 144 0
111 130 0
121 416 0
58 477 0
1 393 0
200 229 0
5 381 0
146 367 0
357 412 0
180 262 0
120 451 0
43 185 0
91 395 0
271 425 0
294 365 0
328 418 0
182 353 0
14 40 0
16 301 0
13 441 0
210 369 0
282 381 0
40 280 0
190 464 0
203 449 0
147 291 0
199 293 0
29 145 0
34 413 0
42 191 0
103 320 0
131 175 0
320 366 0
126 485 0
144 476 0
143 240 0
371 410 0
298 411 0
450 452 0
290 347 0
99 323 0
39 98 0
157 345 0
43 70 0
150 380 0
176 418 0
64 305 0
1 150 0
73 209 0
83 373 0
381 451 0
258 467 0
166 466 0
196 256 0
88 354 0
57 86 0
17 460 0
59 200 0
191 366 0
54 290 0
230 416 0
205 464 0
76 135 0
233 401 0
311 484 0
365 370 0
396 469 0
139 327 0
43 471 0
76 491 0
34 318 0
180 482 0
333 450 0
12 36 0
194 285 0
182 485 0
108 471 0
146 319 0
105 209 0
161 456 0
28 432 0
239 474 0
52 236 0
47 363 0
180 463 0
157 237 0
129 170 0
141 321 0
116 284 0
88 326 0
93 197 0
92 208 0
226 452 0
113 118 0
72 94 0
151 274 0
97 457 0
94 358 0
126 128 0
246 326 0
6 331 0
315 362 0
21 137 0
133 452 0
289 329 0
127 179 0
267 385 0
178 205 0
39 285 0
362 403 0
191 205 0
431 466 0
294 485 0
348 465 0
37 251 0
135 137 0
85 166 0
144 181 0
103 383 0
49 213 0
27 372 0
97 467 0
59 255 0
83 226 0
358 467 0
52 74 0
33 430 0
19 237 0
81 317 0
213 242 0
6 31 0
222 441 0
410 464 0
99 123 0
345 443 0
261 300 0
131 180 0
77 104 0
107 207 0
206 332 0
108 248 0
415 482 0
311 475 0
150 455 0
267 332 0
36 165 0
113 332 0
136 318 0
11 348 0
7 113 0
178 245 0
173 175 0
155 435 0
23 258 0
172 266 0
326 410 0
82 273 0
16 62 0
132 250 0
230 365 0
233 377 0
23 262 0
175 200 0
89 148 0
350 370 0
231 262 0
58 232 0
261 318 0
185 378 0
121 180 0
36 337 0
345 471 0
280 417 0
184 287 0
20 47 0
179 262 0
213 326 0
30 163 0
109 374 0
30 470 0
117 147 0
104 120 0
21 266 0
110 468 0
59 168 0
15 47 0
88 225 0
300 484 0
254 467 0
46 247 0
151 448 0
150 248 0
6 304 0
50 126 0
314 481 0
240 275 0
146 443 0
147 290 0
131 394 0
93 353 0
185 275 0
282 314 0
198 225 0
71 484 0
29 31 0
196 412 0
13 57 0
409 456 0
253 427 0
81 429 0
148 440 0
163 221 0
338 445 0
131 259 0
318 341 0
54 66 0
55 400 0
343 357 0
71 260 0
2 82 0
129 461 0
311 417 0
295 453 0
175 306 0
302 390 0
455 473 0
128 264 0
244 308 0
104 143 0
410 488 0
123 463 0
131 397 0
51 170 0
162 209 0
43 80 0
448 457 0
96 328 0
137 422 0
158 345 0
89 279 0
192 229 0
46 308 0
48 232 0
397 446 0
106 367 0
85 467 0
169 338 0
79 411 0
213 252 0
120 416 0
54 221 0
327 439 0
21 122 0
19 389 0
131 189 0
40 412 0
13 187 0
8 41 0
35 408 0
195 285 0
75 159 0
277 433 0
14 246 0
84 387 0
192 366 0
118 439 0
357 456 0
43 55 0
279 478 0
119 383 0
366 444 0
310 388 0
72 336 0
148 346 0
225 294 0
39 105 0
175 455 0
73 344 0
151 289 0
120 306 0
79 448 0
73 379 0
345 365 0
324 466 0
56 409 0
73 119 0
176 464 0
31 482 0
72 105 0
127 133 0
115 184 0
214 254 0
24 325 0
25 129 0
227 350 0
110 239 0
7 392 0
225 363 0
70 195 0
54 446 0
29 170 0
311 398 0
127 479 0
239 245 0
99 191 0
208 219 0
230 252 0
372 480 0
41 186 0
391 471 0
310 467 0
28 435 0
137 383 0
5 118 0
35 116 0
126 135 0
123 231 0
385 411 0
133 416 0
335 458 0
134 447 0
131 364 0
217 491 0
105 472 0
190 274 0
24 265 0
177 338 0
55 210 0
322 382 0
29 232 0
365 475 0
315 356 0
27 288 0
67 117 0
55 279 0
90 122 0
134 193 0
57 75 0
101 219 0
220 426 0
6 296 0
86 185 0
252 455 0
77 79 0
376 407 0
135 187 0
312 420 0
298 428 0
188 304 0
132 243 0
253 449 0
222 269 0
17 368 0
163 457 0
63 339 0
371 387 0
213 443 0
88 112 0
101 459 0
178 289 0
34 368 0
246 369 0
276 434 0
27 246 0
33 389 0
124 237 0
253 455 0
254 257 0
254 379 0
282 293 0
78 321 0
355 480 0
275 388 0
280 482 0
107 449 0
364 443 0
27 449 0
288 348 0
13 473 0
185 299 0
153 363 0
4 351 0
245 289 0
19 318 0
1 413 0
302 477 0
98 135 0
94 107 0
59 476 0
300 426 0
5 214 0
38 158 0
54 160 0
67 442 0
208 369 0
302 325 0
105 474 0
96 144 0
173 260 0
379 448 0
89 425 0
132 241 0
209 358 0
129 323 0
207 277 0
204 384 0
251 374 0
99 391 0
128 213 0
13 373 0
88 400 0
410 413 0
50 171 0
28 318 0
71 108 0
254 287 0
71 209 0
29 39 0
200 296 0
109 203 0
49 122 0
91 324 0
70 340 0
116 175 0
117 373 0
210 274 0
192 422 0
40 390 0
255 261 0
139 420 0
373 422 0
82 95 0
36 376 0
325 476 0
41 64 0
75 304 0
53 388 0
139 445 0
155 491 0
89 96 0
36 385 0
101 255 0
90 234 0
156 229 0
333 336 0
83 231 0
158 327 0
60 239 0
193 488 0
66 478 0
136 163 0
93 323 0
278 337 0
111 136 0
39 51 0
264 296 0
246 377 0
122 374 0
238 284 0
327 457 0
86 428 0
134 147 0
45 492 0
353 453 0
145 449 0
12 443 0
263 403 0
13 162 0
25 315 0
12 395 0
116 410 0
414 491 0
143 297 0
198 258 0
291 375 0
107 255 0
21 479 0
58 226 0
97 406 0
48 69 0
122 370 0
249 416 0
61 295 0
167 484 0
21 417 0
15 208 0
73 312 0
104 343 0
216 402 0
2 235 0
145 316 0
198 230 0
200 314 0
406 493 0
43 489 0
116 491 0
100 261 0
83 161 0
62 233 0
82 211 0
317 388 0
146 452 0
293 305 0
305 400 0
112 255 0
102 455 0
247 352 0
65 255 0
225 338 0
133 316 0
140 310 0
210 227 0
223 335 0
107 156 0
114 479 0
138 467 0
241 381 0
271 466 0
236 289 0
36 160 0
22 328 0
225 230 0
97 151 0
3 22 0
20 350 0
92 469 0
98 460 0
337 401 0
234 472 0
137 273 0
198 437 0
41 344 0
321 332 0
347 470 0
224 352 0
66 439 0
225 304 0
280 321 0
323 360 0
365 472 0
37 40 0
72 321 0
224 420 0
36 67 0
218 286 0
72 151 0
91 165 0
167 292 0
360 400 0
54 115 0
45 259 0
174 308 0
228 229 0
197 206 0
166 225 0
61 130 0
44 76 0
225 382 0
175 288 0
186 197 0
20 142 0
115 284 0
8 300 0
349 407 0
221 463 0
139 359 0
63 255 0
48 422 0
100 312 0
411 418 0
44 172 0
28 82 0
230 304 0
161 493 0
441 460 0
67 101 0
311 452 0
75 95 0
194 250 0
195 231 0
213 376 0
113 210 0
303 473 0
265 328 0
303 463 0
88 293 0
13 416 0
290 468 0
91 100 0
420 449 0
131 424 0
38 281 0
348 375 0
196 320 0
91 171 0
90 430 0
324 420 0
12 285 0
212 234 0
135 288 0
310 394 0
373 448 0
205 293 0
103 264 0
73 409 0
99 406 0
12 221 0
102 332 0
70 448 0
119 404 0
206 367 0
25 400 0
230 476 0
263 401 0
390 433 0
14 39 0
93 414 0
366 436 0
290 353 0
43 479 0
86 134 0
185 333 0
47 476 0
151 235 0
296 425 0
448 452 0
49 203 0
48 428 0
23 149 0
177 409 0
316 367 0
337 478 0
157 439 0
104 271 0
179 347 0
404 444 0
67 264 0
304 467 0
147 226 0
51 252 0
366 482 0
16 410 0
407 469 0
21 309 0
288 486 0
125 442 0
51 372 0
447 478 0
47 301 0
261 455 0
328 379 0
137 376 0
122 256 0
431 474 0
76 345 0
4 13 0
44 164 0
49 79 0
215 415 0
149 377 0
405 415 0
190 196 0
164 260 0
363 391 0
93 163 0
20 114 0
5 147 0
327 458 0
388 438 0
230 425 0
109 477 0
40 137 0
98 446 0
344 426 0
169 296 0
128 195 0
22 140 0
358 421 0
236 294 0
160 413 0
96 259 0
400 415 0
97 333 0
33 297 0
167 382 0
33 177 0
388 443 0
220 229 0
22 177 0
67 251 0
131 403 0
9 378 0
129 204 0
259 490 0
379 390 0
153 226 0
20 380 0
293 440 0
324 480 0
96 462 0
3 171 0
308 429 0
96 398 0
283 330 0
92 244 0
162 430 0
372 481 0
277 468 0
1 3 0
113 159 0
115 146 0
86 392 0
255 294 0
5 274 0
52 231 0
166 278 0
96 180 0
205 323 0
276 446 0
253 324 0
229 240 0
188 287 0
119 140 0
70 102 0
48 102 0
50 133 0
413 477 0
282 493 0
113 165 0
163 331 0
269 387 0
216 408 0
43 193 0
237 381 0
230 461 0
183 387 0
57 435 0
439 470 0
230 271 0
143 427 0
79 210 0
169 255 0
281 288 0
453 479 0
178 233 0
165 224 0
232 295 0
52 136 0
113 376 0
235 328 0
119 457 0
329 400 0
63 116 0
127 172 0
437 467 0
74 140 0
27 272 0
47 196 0
285 408 0
65 227 0
190 414 0
299 491 0
418 454 0
83 448 0
64 153 0
36 302 0
188 330 0
174 476 0
70 335 0
323 438 0
90 130 0
393 472 0
117 256 0
141 442 0
76 243 0
274 367 0
43 290 0
154 397 0
437 469 0
308 309 0
358 480 0
107 272 0
301 426 0
330 417 0
218 423 0
23 493 0
162 234 0
301 364 0
4 47 0
59 254 0
161 459 0
281 368 0
228 374 0
212 486 0
28 188 0
165 223 0
153 281 0
79 116 0
139 491 0
269 293 0
105 354 0
195 434 0
133 427 0
331 350 0
259 299 0
24 138 0
252 475 0
138 434 0
286 433 0
269 463 0
181 330 0
183 325 0
76 181 0
58 233 0
96 143 0
296 442 0
160 205 0
183 369 0
195 389 0
399 420 0
231 383 0
36 244 0
195 323 0
385 408 0
107 155 0
240 429 0
37 409 0
73 109 0
138 343 0
402 444 0
45 239 0
252 261 0
17 143 0
211 487 0
312 461 0
89 405 0
50 114 0
169 289 0
37 102 0
136 217 0
308 431 0
33 419 0
357 396 0
52 460 0
261 309 0
173 357 0
2 262 0
258 265 0
2 145 0
253 393 0
247 445 0
220 230 0
241 274 0
13 261 0
386 418 0
176 202 0
26 216 0
104 437 0
182 342 0
99 142 0
156 368 0
246 464 0
233 267 0
189 461 0
242 273 0
207 264 0
233 419 0
274 357 0
88 110 0
131 434 0
80 369 0
206 433 0
88 351 0
79 98 0
185 367 0
78 104 0
348 402 0
147 194 0
14 287 0
172 204 0
17 54 0
186 452 0
38 440 0
202 483 0
233 466 0
198 212 0
83 99 0
77 288 0
29 370 0
80 122 0
150 241 0
353 427 0
113 369 0
9 81 0
291 304 0
39 157 0
43 334 0
62 347 0
172 469 0
350 451 0
43 400 0
51 421 0
20 314 0
214 393 0
192 354 0
37 48 0
165 166 0
92 235 0
104 374 0
230 339 0
89 329 0
151 170 0
103 342 0
277 409 0
56 449 0
358 387 0
208 264 0
77 478 0
121 188 0
298 475 0
334 396 0
359 490 0
75 79 0
423 451 0
68 286 0
99 335 0
309 446 0
85 385 0
270 447 0
55 336 0
130 482 0
167 352 0
294 483 0
163 395 0
225 265 0
303 352 0
151 172 0
194 404 0
238 446 0
84 189 0
109 144 0
120 164 0
243 461 0
170 180 0
95 476 0
19 375 0
111 399 0
23 113 0
412 469 0
47 300 0
337 442 0
354 452 0
109 490 0
288 368 0
210 433 0
209 308 0
133 288 0
139 408 0
247 359 0
288 424 0
11 35 0
283 428 0
221 345 0
214 278 0
83 390 0
83 271 0
144 490 0
243 262 0
361 469 0
33 72 0
38 106 0
76 123 0
142 186 0
308 325 0
2 97 0
132 419 0
152 196 0
73 114 0
11 385 0
211 308 0
274 397 0
181 262 0
185 206 0
52 63 0
81 264 0
182 466 0
250 374 0
72 306 0
400 423 0
27 67 0
136 477 0
293 377 0
36 39 0
213 449 0
359 466 0
156 459 0
95 183 0
2 184 0
5 304 0
207 375 0
86 383 0
417 432 0
20 400 0
6 48 0
104 252 0
319 460 0
188 435 0
22 181 0
189 268 0
372 492 0
98 183 0
85 210 0
24 471 0
350 457 0
144 249 0
251 276 0
183 239 0
266 425 0
280 451 0
189 332 0
179 278 0
299 474 0
315 338 0
4 373 0
34 78 0
34 380 0
16 493 0
37 101 0
175 366 0
248 441 0
114 326 0
2 31 0
414 465 0
165 247 0
49 185 0
74 115 0
361 487 0
168 312 0
91 186 0
141 278 0
35 376 0
275 326 0
121 385 0
218 237 0
225 407 0
44 141 0
266 392 0
146 304 0
173 268 0
59 122 0
380 493 0
246 351 0
365 479 0
229 436 0
31 85 0
160 466 0
45 472 0
64 454 0
40 113 0
243 374 0
1 184 0
214 294 0
163 412 0
273 310 0
9 392 0
388 434 0
28 293 0
65 334 0
170 214 0
57 199 0
217 277 0
313 318 0
239 343 0
50 258 0
93 263 0
410 482 0
219 477 0
145 229 0
35 330 0
290 339 0
451 481 0
332 402 0
89 435 0
193 312 0
137 339 0
34 357 0
130 334 0
221 469 0
9 431 0
175 446 0
145 401 0
111 368 0
244 474 0
57 376 0
277 320 0
122 348 0
7 30 0
325 464 0
20 485 0
57 342 0
270 391 0
81 189 0
197 204 0
141 312 0
19 204 0
139 250 0
244 475 0
15 250 0
392 480 0
30 120 0
179 202 0
229 409 0
187 477 0
14 410 0
80 97 0
300 447 0
233 317 0
28 329 0
57 84 0
115 187 0
199 448 0
8 385 0
31 153 0
461 462 0
84 281 0
64 66 0
16 174 0
198 336 0
236 260 0
123 301 0
223 437 0
3 243 0
30 61 0
148 423 0
414 419 0
31 47 0
110 366 0
64 162 0
351 419 0
72 298 0
75 342 0
77 381 0
188 381 0
205 352 0
301 417 0
240 319 0
206 263 0
82 474 0
148 264 0
136 255 0
119 182 0
11 430 0
205 357 0
336 455 0
328 343 0
43 317 0
296 348 0
180 392 0
9 85 0
95 232 0
161 324 0
79 158 0
134 347 0
48 447 0
163 404 0
419 435 0
354 483 0
16 87 0
88 475 0
57 77 0
260 372 0
423 466 0
82 172 0
172 458 0
255 482 0
84 144 0
11 405 0
22 264 0
294 453 0
37 159 0
47 84 0
302 479 0
137 396 0
118 123 0
131 420 0
339 401 0
54 86 0
17 346 0
214 429 0
25 292 0
4 294 0
149 155 0
169 275 0
2 8 0
31 190 0
313 404 0
3 17 0
144 482 0
70 268 0
273 333 0
76 450 0
290 431 0
39 311 0
138 201 0
35 357 0
6 324 0
132 224 0
77 374 0
92 391 0
132 357 0
234 470 0
119 428 0
160 397 0
177 430 0
64 93 0
37 103 0
78 289 0
170 362 0
117 455 0
327 369 0
215 359 0
66 366 0
98 267 0
271 389 0
161 351 0
146 207 0
340 451 0
11 378 0
150 421 0
132 215 0
39 445 0
32 53 0
110 454 0
73 84 0
169 263 0
423 434 0
306 409 0
336 416 0
125 281 0
169 453 0
47 371 0
474 491 0
259 318 0
47 214 0
50 426 0
50 346 0
133 418 0
185 234 0
64 375 0
15 249 0
346 464 0
269 433 0
125 394 0
187 256 0
96 124 0
48 120 0
242 467 0
358 363 0
30 304 0
203 310 0
312 323 0
185 489 0
80 274 0
17 430 0
178 452 0
1 112 0
111 172 0
17 492 0
185 349 0
393 485 0
185 336 0
83 327 0
295 327 0
