197 952 299
112 176 3
168 184 3
44 185 3
37 103 3
23 130 3
75 188 3
32 140 3
47 176 3
49 134 3
107 130 3
88 142 3
155 179 3
85 139 3
129 151 3
59 116 3
43 157 3
79 88 3
37 102 3
36 104 3
111 164 3
35 113 3
21 147 3
32 183 3
50 176 3
79 157 3
5 13 3
20 126 3
60 138 3
8 48 3
1 12 3
111 118 3
43 152 3
96 130 3
41 99 3
156 172 3
190 193 3
114 118 3
7 24 3
130 173 3
30 165 3
77 92 3
179 184 3
26 104 3
61 112 3
74 179 3
111 170 3
28 124 3
66 96 3
7 89 3
9 27 3
135 181 3
45 73 3
15 27 3
16 71 3
22 75 3
145 170 3
116 126 3
18 169 3
39 130 3
13 174 3
1 2 3
67 120 3
38 103 3
50 140 3
59 134 3
87 197 3
77 176 3
17 48 3
74 127 3
137 187 3
83 91 3
167 193 3
1 41 3
132 136 3
168 174 3
69 135 3
34 141 3
5 83 3
90 188 3
6 147 3
87 195 3
105 135 3
43 73 3
94 137 3
56 157 3
92 163 3
11 22 3
111 126 3
44 79 3
82 174 3
74 162 3
1 15 3
46 129 3
57 159 3
166 185 3
148 188 3
126 168 3
17 175 3
80 113 3
34 107 3
106 108 3
140 164 3
140 184 3
58 76 3
112 193 3
177 191 3
2 28 3
6 43 3
88 152 3
76 175 3
151 182 3
70 129 3
6 14 3
118 139 3
138 140 3
91 180 3
4 166 3
8 10 3
45 138 3
46 59 3
90 197 3
134 191 3
63 76 3
60 73 3
23 86 3
35 188 3
60 111 3
59 110 3
8 162 3
170 184 3
30 129 3
2 87 3
31 47 3
2 171 3
11 43 3
89 133 3
105 149 3
55 128 3
32 69 3
100 141 3
18 132 3
40 82 3
126 152 3
2 166 3
112 166 3
7 86 3
82 116 3
19 62 3
45 107 3
51 57 3
64 141 3
143 182 3
150 152 3
65 170 3
119 170 3
42 149 3
1 31 3
96 171 3
28 93 3
9 66 3
116 159 3
25 181 3
7 185 3
73 180 3
22 73 3
42 120 3
52 120 3
73 76 3
40 105 3
16 95 3
29 187 3
53 170 3
87 145 3
16 92 3
99 121 3
94 111 3
74 131 3
133 175 3
125 159 3
109 112 3
20 69 3
33 94 3
30 115 3
102 141 3
163 179 3
159 197 3
154 190 3
77 160 3
17 197 3
102 157 3
135 176 3
66 138 3
2 112 3
108 158 3
32 35 3
86 137 3
61 96 3
20 63 3
41 94 3
5 74 3
29 56 3
30 35 3
11 189 3
8 20 3
2 84 3
33 118 3
17 84 3
116 142 3
31 43 3
68 154 3
63 145 3
118 166 3
110 179 3
9 161 3
75 187 3
17 169 3
90 184 3
27 158 3
63 153 3
122 139 3
67 177 3
113 178 3
37 68 3
3 130 3
97 155 3
40 84 3
54 161 3
18 189 3
59 164 3
61 171 3
159 193 3
90 177 3
34 165 3
78 99 3
35 168 3
52 165 3
18 90 3
85 118 3
133 174 3
61 76 3
136 144 3
8 44 3
59 145 3
26 46 3
129 169 3
18 191 3
110 167 3
123 144 3
34 92 3
1 189 3
61 116 3
44 46 3
78 142 3
150 160 3
130 197 3
121 142 3
60 170 3
86 109 3
72 118 3
91 105 3
4 108 3
37 142 3
49 91 3
139 164 3
74 101 3
24 97 3
17 22 3
51 93 3
81 175 3
53 131 3
5 16 3
7 9 3
56 134 3
16 85 3
22 196 3
96 134 3
25 103 3
85 119 3
109 194 3
57 114 3
20 174 3
173 189 3
44 191 3
140 189 3
142 192 3
116 148 3
12 40 3
155 183 3
107 116 3
15 34 3
5 18 3
26 40 3
14 178 3
68 180 3
28 172 3
99 160 3
39 134 3
9 69 3
99 139 3
8 120 3
81 163 3
130 133 3
58 173 3
155 188 3
59 100 3
97 182 3
4 79 3
54 162 3
80 149 3
146 185 3
78 127 3
21 72 3
70 194 3
14 44 3
68 187 3
117 131 3
113 118 3
128 182 3
57 157 3
5 99 3
77 172 3
21 39 3
48 136 3
12 31 3
77 183 3
130 142 3
133 159 3
26 110 3
44 88 3
29 40 3
30 74 3
72 171 3
20 33 3
50 177 3
33 48 3
37 190 3
25 146 3
33 192 3
9 174 3
9 165 3
69 117 3
40 134 3
2 58 3
17 195 3
80 87 3
23 99 3
4 8 3
85 176 3
23 85 3
7 178 3
85 185 3
88 106 3
35 88 3
13 97 3
96 123 3
55 170 3
46 168 3
19 163 3
70 150 3
62 131 3
113 115 3
154 176 3
111 127 3
38 191 3
49 60 3
127 168 3
95 102 3
118 128 3
28 31 3
19 93 3
107 157 3
107 120 3
78 123 3
9 145 3
90 164 3
82 148 3
27 126 3
31 144 3
116 189 3
172 184 3
84 145 3
90 138 3
9 46 3
54 140 3
1 98 3
104 124 3
41 171 3
10 108 3
150 157 3
147 195 3
25 59 3
93 162 3
83 102 3
20 28 3
59 123 3
22 54 3
148 171 3
29 142 3
123 182 3
51 183 3
41 57 3
40 125 3
87 99 3
70 128 3
94 183 3
47 152 3
18 31 3
63 163 3
23 126 3
153 184 3
63 69 3
44 129 3
88 134 3
112 131 3
7 118 3
48 50 3
76 165 3
39 55 3
5 153 3
41 188 3
156 168 3
92 156 3
65 124 3
144 194 3
44 146 3
3 92 3
34 160 3
145 172 3
56 104 3
112 132 3
109 166 3
17 27 3
81 140 3
15 86 3
96 179 3
8 121 3
26 170 3
79 145 3
97 142 3
93 112 3
39 162 3
104 107 3
7 153 3
32 125 3
1 25 3
80 124 3
43 175 3
12 119 3
64 174 3
44 100 3
123 148 3
14 123 3
44 89 3
113 197 3
9 176 3
26 187 3
18 162 3
28 173 3
49 75 3
36 64 3
72 100 3
10 11 3
54 147 3
7 175 3
126 191 3
168 180 3
65 167 3
29 91 3
104 115 3
29 137 3
10 130 3
35 68 3
75 125 3
75 144 3
134 194 3
7 65 3
77 126 3
68 175 3
78 107 3
5 174 3
14 189 3
58 189 3
26 114 3
48 95 3
78 189 3
12 116 3
75 109 3
150 183 3
67 193 3
105 126 3
57 176 3
126 154 3
126 130 3
7 12 3
92 183 3
27 185 3
118 179 3
113 150 3
105 164 3
163 178 3
10 49 3
60 173 3
38 77 3
12 176 3
37 98 3
173 191 3
54 181 3
6 150 3
43 187 3
61 156 3
107 109 3
37 188 3
16 109 3
12 112 3
60 118 3
16 39 3
32 138 3
8 15 3
147 183 3
165 178 3
9 63 3
46 163 3
147 160 3
7 142 3
16 194 3
63 109 3
69 191 3
42 125 3
3 4 3
8 16 3
15 67 3
73 149 3
96 177 3
151 158 3
86 167 3
64 131 3
55 192 3
1 5 3
59 150 3
128 196 3
7 194 3
71 155 3
63 84 3
28 185 3
27 77 3
3 188 3
140 197 3
98 100 3
137 163 3
39 72 3
93 197 3
2 10 3
65 188 3
146 172 3
47 187 3
73 80 3
128 157 3
15 144 3
5 120 3
20 131 3
63 78 3
27 45 3
155 159 3
44 162 3
149 192 3
98 101 3
6 192 3
51 194 3
43 47 3
25 117 3
92 196 3
124 169 3
166 187 3
71 94 3
114 131 3
115 151 3
119 162 3
129 185 3
59 74 3
3 6 3
36 65 3
40 64 3
129 194 3
11 19 3
34 151 3
16 64 3
9 70 3
113 163 3
64 126 3
11 169 3
55 149 3
85 165 3
4 82 3
101 179 3
128 153 3
122 192 3
46 160 3
30 189 3
144 191 3
45 150 3
19 124 3
134 164 3
91 152 3
95 165 3
75 197 3
124 178 3
174 176 3
13 56 3
53 162 3
77 103 3
17 104 3
57 197 3
10 194 3
143 191 3
74 120 3
157 161 3
57 136 3
67 191 3
44 151 3
37 170 3
61 86 3
3 45 3
83 153 3
62 168 3
17 189 3
133 179 3
24 62 3
35 124 3
46 49 3
67 194 3
105 138 3
100 131 3
31 62 3
20 111 3
20 23 3
28 41 3
31 33 3
76 146 3
37 71 3
89 99 3
10 117 3
43 114 3
7 114 3
28 127 3
43 194 3
136 141 3
72 166 3
4 75 3
34 129 3
122 152 3
4 109 3
100 128 3
62 145 3
148 152 3
25 127 3
30 106 3
66 147 3
56 112 3
45 105 3
2 69 3
31 167 3
108 192 3
40 122 3
19 75 3
13 58 3
8 111 3
14 84 3
166 195 3
108 197 3
12 97 3
116 128 3
54 61 3
1 3 3
78 124 3
103 136 3
81 150 3
15 24 3
41 141 3
51 55 3
36 53 3
134 171 3
71 158 3
26 103 3
99 142 3
13 29 3
16 119 3
98 119 3
27 136 3
68 97 3
96 192 3
167 174 3
31 124 3
166 168 3
142 195 3
23 81 3
46 82 3
74 169 3
170 192 3
56 120 3
12 61 3
38 162 3
53 115 3
131 155 3
19 84 3
34 157 3
29 90 3
66 174 3
66 129 3
40 73 3
45 109 3
2 47 3
26 191 3
26 29 3
81 105 3
145 155 3
46 190 3
172 176 3
50 128 3
100 170 3
5 173 3
31 195 3
21 32 3
55 154 3
65 148 3
72 128 3
9 190 3
128 174 3
33 134 3
76 189 3
43 102 3
94 190 3
153 196 3
121 165 3
40 197 3
75 161 3
153 172 3
94 157 3
25 177 3
71 87 3
52 124 3
133 197 3
97 125 3
13 26 3
134 142 3
67 164 3
55 71 3
91 130 3
17 113 3
117 160 3
6 57 3
21 52 3
55 187 3
82 101 3
31 85 3
89 167 3
107 138 3
45 151 3
39 105 3
4 133 3
82 153 3
59 178 3
8 116 3
33 117 3
76 193 3
16 83 3
37 155 3
131 186 3
129 195 3
58 193 3
10 113 3
141 172 3
17 142 3
74 106 3
13 42 3
2 190 3
52 116 3
37 132 3
75 169 3
12 21 3
118 195 3
68 139 3
73 140 3
29 135 3
98 173 3
82 122 3
9 182 3
79 149 3
27 171 3
9 36 3
70 159 3
39 108 3
82 187 3
27 118 3
5 111 3
47 72 3
23 59 3
123 187 3
21 23 3
123 167 3
27 80 3
13 180 3
107 154 3
44 174 3
161 178 3
1 127 3
69 139 3
131 185 3
27 179 3
116 135 3
117 164 3
51 64 3
33 106 3
17 45 3
188 196 3
17 190 3
6 73 3
32 40 3
19 147 3
53 143 3
19 20 3
46 58 3
38 154 3
48 88 3
12 86 3
30 167 3
137 152 3
14 125 3
51 62 3
31 118 3
122 195 3
95 197 3
105 190 3
47 51 3
25 26 3
116 156 3
73 152 3
61 197 3
102 153 3
117 121 3
33 127 3
61 78 3
1 18 3
127 189 3
134 141 3
70 82 3
11 140 3
6 181 3
57 75 3
56 190 3
60 140 3
38 63 3
71 113 3
40 108 3
62 118 3
67 178 3
22 62 3
34 191 3
133 183 3
25 130 3
109 114 3
30 143 3
42 157 3
101 177 3
158 177 3
79 113 3
36 177 3
169 176 3
96 146 3
105 186 3
152 173 3
55 92 3
55 65 3
58 97 3
25 86 3
14 40 3
96 97 3
46 178 3
10 64 3
114 163 3
49 70 3
90 155 3
27 196 3
18 70 3
159 179 3
34 36 3
114 124 3
74 167 3
138 186 3
70 153 3
3 90 3
4 12 3
8 30 3
22 184 3
81 172 3
124 196 3
57 192 3
1 61 3
43 45 3
69 72 3
120 168 3
68 178 3
185 197 3
70 115 3
51 54 3
16 61 3
4 32 3
46 144 3
5 17 3
99 166 3
11 145 3
12 131 3
64 173 3
104 187 3
59 118 3
60 67 3
98 141 3
46 98 3
6 38 3
95 143 3
122 129 3
106 163 3
153 167 3
27 43 3
87 169 3
70 142 3
3 59 3
34 37 3
114 138 3
68 128 3
116 168 3
76 132 3
29 122 3
29 146 3
143 186 3
2 7 3
33 157 3
40 54 3
18 67 3
16 162 3
91 120 3
3 183 3
102 104 3
15 177 3
56 105 3
115 166 3
12 89 3
134 154 3
14 33 3
72 95 3
49 192 3
131 183 3
6 145 3
