500 8000 100
43 201 3
29 427 5
8 495 4
375 420 4
338 383 3
311 369 3
4 381 3
378 404 4
20 164 4
216 483 5
122 138 3
182 401 5
214 217 3
74 390 3
143 235 5
73 285 5
6 441 3
36 72 5
25 401 3
330 485 4
308 374 3
40 132 5
167 200 3
196 204 3
41 159 4
216 324 3
45 180 4
254 495 3
66 151 4
391 485 3
142 218 4
111 336 5
350 451 5
292 350 3
259 473 4
346 449 3
240 294 5
162 372 3
22 80 4
82 122 4
309 422 5
63 191 5
265 349 3
71 311 3
156 233 5
261 341 3
56 478 4
136 486 4
269 398 3
290 490 3
114 476 4
32 486 4
292 432 3
104 125 3
289 416 4
252 392 4
121 319 3
113 463 3
7 102 4
150 405 5
314 344 5
14 255 4
152 330 3
194 474 3
103 371 3
126 149 3
229 360 5
259 320 5
251 340 5
309 358 4
404 453 4
4 101 5
250 324 3
329 397 4
18 180 4
412 420 3
213 374 3
142 323 3
252 434 3
110 207 3
19 293 5
132 297 4
110 339 3
90 231 5
32 226 4
244 444 5
181 245 5
292 434 4
56 135 4
206 340 4
41 211 4
271 278 4
487 500 3
219 265 3
102 467 3
207 323 4
41 478 3
1 149 3
97 298 5
205 272 4
249 262 3
49 93 5
93 152 5
211 475 5
60 402 5
59 389 5
183 346 4
82 141 3
184 473 5
69 182 5
11 134 4
286 411 3
252 259 3
80 93 5
39 60 5
139 327 5
356 459 3
425 439 4
96 478 4
10 430 3
449 499 5
419 437 3
259 325 5
156 363 4
59 480 3
96 120 3
115 133 5
240 405 5
57 337 3
237 289 4
274 312 4
335 490 5
247 396 5
71 349 5
250 399 3
248 304 5
432 433 4
116 231 4
107 331 5
29 299 4
281 320 5
6 351 4
257 450 3
14 162 3
311 456 5
22 227 3
46 284 3
105 242 4
382 422 3
349 487 3
140 500 3
283 321 5
18 24 3
89 222 3
95 175 4
214 261 4
176 265 4
50 447 4
422 476 5
92 443 5
6 33 5
221 405 3
124 157 4
223 276 3
284 300 4
169 484 4
188 315 3
54 301 5
96 399 4
133 326 4
280 472 4
240 260 3
61 337 4
321 407 3
115 477 5
159 260 4
329 392 3
332 406 5
223 393 3
79 149 5
59 354 3
273 413 5
248 336 5
234 255 3
213 317 3
48 181 3
312 413 3
253 278 5
27 205 4
352 357 5
138 297 4
6 160 4
255 487 4
34 198 4
255 293 3
190 330 5
86 302 5
152 434 5
86 404 3
20 223 4
127 299 5
379 480 4
16 219 3
247 406 3
41 120 5
129 476 3
26 342 4
152 314 3
3 419 4
135 271 5
80 204 3
116 220 3
370 493 3
23 415 3
62 435 4
75 405 3
280 324 4
312 353 4
103 372 4
114 492 4
64 305 5
308 429 5
215 338 3
24 268 3
17 410 5
222 410 4
58 114 4
176 368 3
67 147 3
163 395 3
84 489 4
63 459 5
181 419 3
138 207 3
13 59 3
52 293 5
259 416 4
179 304 5
79 317 4
78 384 4
159 166 4
151 190 4
21 122 3
130 275 5
280 339 3
9 18 3
323 424 5
81 204 3
179 248 4
38 273 4
87 434 4
158 376 3
218 300 3
51 403 4
20 207 5
253 306 4
27 138 5
10 12 4
110 426 3
169 454 5
257 452 4
21 129 5
195 329 3
162 194 3
47 394 4
120 306 3
275 492 5
375 379 5
75 465 4
16 289 4
284 406 4
31 152 5
408 463 5
142 180 4
283 305 3
195 448 3
228 308 5
29 463 4
197 417 3
110 196 5
1 97 4
141 418 4
7 376 4
88 470 4
65 395 4
224 460 4
107 446 5
137 345 3
138 261 3
86 248 4
209 280 3
3 144 3
259 319 3
301 402 4
393 455 4
299 305 5
417 451 4
457 462 5
245 396 3
85 339 4
24 415 3
303 305 5
196 219 4
243 476 5
162 419 4
330 491 3
59 68 3
357 460 5
452 465 5
115 255 5
433 486 4
103 273 5
216 263 3
34 147 5
204 396 5
4 51 5
62 157 3
20 73 4
119 500 5
117 163 3
301 355 4
389 494 4
108 390 4
128 389 4
327 465 4
16 81 4
283 378 4
248 400 3
152 400 5
99 349 4
26 352 4
85 333 4
431 479 5
19 481 3
38 345 3
146 397 4
332 486 4
34 139 4
9 188 3
253 492 4
71 384 3
417 500 4
276 460 4
155 329 4
282 458 3
200 263 3
194 481 5
4 250 5
171 274 3
223 413 4
342 429 4
288 363 4
249 370 3
153 484 4
4 269 4
282 339 4
462 484 3
319 362 3
390 471 5
218 238 4
87 270 4
101 380 3
206 390 4
376 445 4
221 394 5
223 244 5
358 400 3
4 111 5
166 218 5
247 302 3
64 214 3
416 473 3
194 407 5
36 239 4
52 58 3
297 374 4
28 367 5
56 61 5
121 181 5
168 218 5
234 472 3
165 174 4
60 175 3
76 80 5
136 177 5
227 452 4
141 347 5
214 438 5
140 482 5
170 373 3
15 500 3
10 459 3
61 80 3
5 379 3
189 349 5
79 417 4
72 352 3
186 350 3
25 301 3
81 154 3
38 265 4
450 455 5
96 309 5
13 275 3
30 471 3
150 500 4
194 230 3
163 449 4
50 107 4
281 290 5
126 488 4
66 171 5
192 350 4
14 19 4
155 415 5
121 336 5
232 493 4
210 407 5
141 424 4
442 477 4
389 409 3
240 453 3
210 325 5
259 371 4
193 257 4
427 448 5
33 328 5
30 387 3
83 196 3
366 489 4
19 273 3
226 420 3
245 384 4
115 286 4
114 134 4
318 365 5
162 481 5
357 418 5
21 292 4
191 325 4
56 324 3
271 302 3
172 371 5
245 321 5
82 136 3
76 197 3
136 279 4
129 336 5
64 477 4
75 171 3
289 474 3
79 228 5
93 453 5
160 190 4
29 435 5
123 240 3
255 447 5
14 407 4
30 63 5
225 226 4
153 269 3
207 419 5
59 447 5
426 447 5
225 449 3
169 182 3
93 346 5
261 486 4
27 259 3
428 433 5
25 458 4
45 173 5
125 403 4
133 430 4
313 392 5
102 227 5
254 498 3
380 444 3
28 221 3
36 113 4
300 344 3
177 178 4
403 484 4
85 130 4
39 278 5
228 319 5
8 283 3
350 359 5
296 406 5
153 342 5
137 380 4
89 243 4
200 469 5
146 419 3
114 199 4
50 146 4
76 445 4
179 297 3
177 198 3
262 367 3
27 293 5
164 402 4
61 460 3
34 294 3
70 403 4
15 30 5
140 344 3
209 390 4
101 388 3
367 432 3
373 492 5
464 488 5
117 385 4
408 491 3
270 308 5
104 255 5
287 322 4
287 497 3
284 323 5
260 435 4
320 451 3
258 351 3
77 390 3
33 268 5
266 286 5
152 279 4
446 454 4
307 474 4
160 320 3
204 410 5
31 154 5
398 417 4
76 90 4
22 421 3
51 105 3
295 420 3
164 173 4
234 265 3
75 315 3
282 358 5
80 389 3
168 464 4
14 495 4
25 34 3
201 209 4
47 271 3
299 434 4
373 411 3
363 500 4
269 487 3
51 500 4
300 447 4
44 248 5
26 38 3
389 449 4
60 178 4
146 278 5
258 382 5
251 376 4
227 395 3
223 385 4
223 340 3
45 149 5
171 433 3
459 475 4
277 416 4
177 389 5
79 107 4
46 119 5
69 365 4
157 441 5
85 456 3
118 474 3
24 471 3
219 415 4
5 120 5
40 264 4
276 373 3
301 401 4
117 191 5
308 335 4
126 348 5
195 355 4
240 256 5
171 308 4
234 453 4
2 70 5
125 423 4
309 314 5
310 356 5
214 474 3
22 286 4
149 229 3
355 419 4
224 330 4
108 479 5
44 361 4
117 282 4
224 285 5
111 332 3
120 312 3
25 157 3
12 480 5
46 61 4
142 392 3
151 224 4
191 464 3
213 302 5
36 472 3
265 416 5
390 455 3
215 494 4
106 495 3
302 425 3
220 378 3
97 145 3
90 373 3
14 444 3
200 281 4
42 332 3
84 300 3
79 440 3
319 483 3
66 97 3
307 326 5
106 349 4
76 134 4
129 444 3
111 255 3
189 398 3
302 496 5
303 445 5
264 400 5
20 138 3
434 473 5
143 422 5
261 404 5
67 327 3
149 410 5
38 338 5
224 332 4
77 302 3
391 484 3
37 365 5
318 395 3
173 466 3
222 359 3
23 402 5
282 459 4
16 49 5
359 450 3
96 268 5
130 145 5
47 176 5
316 356 5
357 464 4
235 391 4
12 120 5
199 443 4
4 14 5
50 296 3
134 454 3
23 220 5
105 163 5
16 254 4
132 172 4
71 449 5
249 276 4
416 474 5
138 455 4
260 415 4
269 364 5
385 439 5
392 413 5
461 480 5
236 481 3
197 387 3
393 478 5
44 477 3
94 448 3
160 396 5
184 213 5
164 288 3
264 281 3
256 423 5
51 360 5
158 312 4
342 460 4
269 474 4
110 189 4
8 158 4
443 497 5
94 467 5
269 427 4
288 475 4
147 444 4
2 327 5
57 460 3
425 471 5
381 382 4
285 363 5
98 106 3
47 88 5
238 447 3
62 206 4
405 407 4
401 475 5
224 229 4
84 115 3
185 204 3
188 414 3
222 287 4
203 454 4
153 384 3
344 465 5
341 405 4
147 429 3
139 253 3
223 444 4
266 462 3
13 60 4
97 454 4
408 465 4
163 472 5
218 265 4
163 300 4
68 316 4
189 309 5
245 289 4
394 433 5
245 458 5
141 166 3
60 333 4
43 479 5
129 431 3
383 466 4
279 343 4
204 222 4
369 395 5
22 300 3
24 245 4
51 215 5
379 420 4
66 96 4
358 376 3
68 303 4
5 58 5
215 237 3
400 488 4
98 375 3
91 255 3
370 430 4
406 415 5
290 324 3
152 445 5
375 388 5
293 465 4
301 342 3
360 366 3
177 452 5
74 137 5
68 259 4
131 365 5
222 261 4
178 353 5
183 208 3
396 490 4
45 383 3
260 443 4
161 409 4
120 412 3
29 196 4
383 488 4
456 470 5
123 458 4
91 404 5
199 409 4
47 343 5
82 271 5
178 183 4
21 88 5
95 294 4
179 478 4
192 313 5
234 349 5
420 497 4
68 490 4
28 61 4
217 392 4
270 358 5
128 429 4
102 345 4
95 267 5
202 471 5
367 393 5
107 144 5
245 337 5
38 403 3
6 475 4
421 423 4
53 229 5
249 440 4
98 480 5
137 470 3
265 418 5
222 366 3
476 480 3
334 392 5
151 255 4
1 326 4
140 215 4
425 445 4
109 493 5
72 123 5
133 230 5
160 276 4
179 456 3
211 450 5
106 299 5
102 146 3
7 289 3
284 483 4
178 489 4
71 427 3
165 496 4
264 416 3
74 378 5
78 207 4
136 473 4
97 168 5
216 467 5
279 420 3
85 255 4
11 387 5
58 62 5
21 304 4
212 345 5
334 401 4
16 199 3
203 450 4
63 281 3
164 259 4
57 59 5
258 353 4
15 62 4
268 307 4
159 426 4
68 391 3
357 484 5
205 312 3
12 374 3
111 224 5
3 369 4
214 314 5
105 277 5
345 349 3
315 436 3
97 306 3
3 380 5
159 265 4
94 128 3
126 140 3
23 62 4
218 441 4
298 330 4
217 284 5
81 290 4
64 146 4
184 362 3
16 70 3
206 259 4
144 396 3
93 261 5
51 499 3
66 312 4
129 283 3
146 425 3
212 302 3
135 170 3
68 364 5
111 440 5
241 341 4
298 407 5
6 453 5
230 261 3
264 437 3
294 490 5
156 400 3
192 389 4
72 253 4
40 62 5
21 121 5
140 174 5
5 468 4
138 205 4
178 466 3
233 305 5
131 135 4
84 425 5
235 424 3
251 339 4
219 404 3
87 329 4
129 216 3
174 234 3
211 246 3
128 156 4
98 280 4
237 377 4
138 148 3
66 277 3
100 416 3
180 220 3
18 197 4
259 427 3
135 434 4
54 349 3
97 272 4
177 229 4
181 387 3
216 237 3
199 377 5
243 252 4
46 251 3
165 188 5
176 245 3
180 357 5
277 431 4
243 400 5
115 386 5
221 457 4
101 148 4
272 318 5
12 66 5
56 246 5
180 345 4
192 204 4
467 497 3
59 97 3
329 387 5
186 468 5
306 469 5
110 287 5
115 143 3
33 278 5
387 445 4
108 167 4
309 334 3
9 241 3
93 217 4
10 167 5
66 208 3
183 256 5
235 393 4
274 394 5
212 259 3
252 353 4
144 189 4
135 203 5
323 367 5
161 243 4
52 499 3
217 335 3
274 348 5
41 455 4
273 444 4
69 426 4
55 157 4
375 377 5
121 296 3
80 173 4
361 376 4
395 476 4
28 416 4
267 420 5
337 499 4
103 406 4
159 372 3
1 108 4
289 487 4
274 499 3
53 313 4
3 402 5
170 378 5
22 291 4
141 468 3
389 450 5
137 494 3
196 308 5
340 460 5
294 497 3
53 262 4
113 382 5
125 321 5
113 239 4
394 465 3
26 295 5
132 235 3
255 309 5
86 471 5
446 459 3
229 342 3
35 242 3
58 167 4
237 272 4
150 193 5
293 445 3
231 493 5
248 469 4
67 97 5
298 311 4
80 439 3
353 413 3
37 476 3
73 164 5
257 351 5
57 444 5
271 320 3
27 350 3
232 258 5
43 269 4
270 406 3
61 261 5
351 492 3
22 448 4
293 466 3
271 355 5
182 362 5
6 253 5
40 163 5
20 338 4
46 344 3
474 498 4
312 408 3
214 258 3
98 191 4
94 462 4
38 392 5
63 87 4
163 455 5
199 335 3
75 436 4
105 358 3
306 457 3
35 123 5
123 237 4
8 387 4
85 170 5
17 113 3
282 432 3
23 116 4
280 473 4
390 416 5
76 449 4
83 252 3
121 209 3
44 204 3
250 315 5
294 438 4
313 432 5
187 242 5
35 211 4
309 319 3
118 452 4
88 157 4
167 181 4
183 272 4
70 178 5
27 83 5
71 283 3
81 161 4
117 315 5
59 395 3
41 175 4
429 481 5
165 481 5
127 269 5
210 294 3
106 198 4
81 306 3
275 336 4
392 447 4
176 423 4
327 338 4
287 471 5
28 158 3
423 431 3
172 325 5
445 482 4
108 238 5
277 288 5
3 42 4
341 407 3
247 267 4
67 439 5
233 333 4
271 470 4
413 426 4
164 436 5
146 485 5
93 204 3
165 348 3
223 248 3
296 399 5
268 403 5
243 398 3
221 420 4
187 411 5
372 418 3
309 453 3
172 305 4
52 411 4
412 500 4
50 382 3
391 492 5
147 278 4
183 216 3
179 445 3
136 245 3
195 364 4
10 372 4
139 387 5
294 316 5
49 433 3
92 433 5
446 479 4
238 313 4
353 356 4
284 420 4
201 444 5
6 349 3
170 304 3
85 449 5
43 278 5
414 435 5
94 356 5
169 259 3
214 446 5
316 438 3
119 234 5
150 468 5
216 473 4
112 360 4
68 250 4
405 441 5
335 486 5
59 341 5
52 347 5
235 259 3
109 131 4
67 497 5
244 257 3
280 488 5
181 299 4
317 408 5
2 390 4
352 478 3
143 200 3
247 272 5
33 410 5
89 470 3
18 75 5
333 338 4
246 251 4
14 52 3
170 489 3
31 78 4
30 468 5
12 189 3
62 132 3
112 165 4
251 492 4
310 461 4
187 237 4
108 411 3
366 376 3
164 178 4
62 224 5
454 481 5
26 273 4
295 342 4
324 427 4
264 420 5
245 462 3
183 320 3
386 497 3
236 360 5
269 347 4
126 322 4
335 460 4
200 287 4
69 466 4
37 125 3
281 364 3
461 475 4
263 356 3
264 421 5
130 262 4
182 205 3
127 443 5
207 437 3
43 259 5
220 419 4
252 405 4
274 498 4
20 130 5
285 455 5
207 274 5
81 412 4
319 437 3
320 351 3
237 457 3
308 421 3
106 400 5
197 411 5
56 332 5
23 274 4
110 461 3
47 203 5
290 330 4
287 478 4
5 450 3
54 460 5
378 380 5
102 178 4
155 490 5
21 114 4
69 375 5
31 184 3
26 50 5
117 331 3
49 445 3
65 131 4
64 289 3
432 475 5
5 125 3
92 369 5
251 421 3
277 325 3
79 154 3
35 258 5
273 411 5
49 496 4
167 171 5
28 54 3
452 466 4
218 420 3
282 325 5
211 480 4
244 369 4
101 162 3
86 336 4
247 496 5
24 238 4
264 304 5
1 72 4
48 271 3
82 265 4
254 405 5
69 336 5
431 459 4
132 475 4
267 310 5
179 326 4
131 309 3
120 251 4
303 487 3
317 485 3
249 302 5
418 438 5
11 326 4
27 342 3
172 355 4
38 323 3
215 434 3
89 410 3
74 151 4
92 155 3
65 108 3
32 38 3
20 308 4
75 389 3
131 250 4
14 360 3
190 474 4
129 356 5
20 283 4
392 436 5
155 443 5
120 243 3
136 378 4
109 284 5
406 452 4
137 204 5
114 388 4
51 80 5
207 232 5
107 332 3
58 354 3
223 389 3
253 290 4
96 448 5
61 430 3
123 258 4
276 411 3
205 454 4
108 310 5
205 256 3
36 259 4
236 375 4
276 350 4
121 217 4
214 442 4
341 481 4
18 275 3
93 332 3
136 139 4
268 380 4
151 216 5
383 468 3
161 358 5
200 473 3
117 472 3
8 450 4
96 398 5
143 266 4
68 362 4
75 219 5
22 336 4
66 275 5
195 432 3
260 460 5
45 95 4
251 491 3
205 295 4
295 450 5
88 322 5
221 485 5
152 303 4
202 460 4
268 299 3
186 424 5
8 133 5
153 428 3
431 450 4
274 341 3
116 272 5
96 261 3
108 255 4
199 312 5
39 166 3
43 194 4
191 245 4
177 404 3
158 219 4
226 355 4
155 301 3
27 338 4
85 417 5
484 500 3
226 263 3
207 378 3
241 413 5
39 326 4
352 358 5
87 419 3
444 482 3
10 384 3
304 483 5
393 445 3
382 458 3
370 403 4
160 188 5
5 480 4
63 157 3
373 400 5
277 390 4
209 356 4
25 30 5
472 478 4
21 174 5
297 409 4
92 112 5
347 445 5
379 438 4
2 395 4
215 455 5
117 370 3
24 404 3
215 306 4
66 446 3
265 324 3
291 411 5
68 216 5
25 322 4
469 487 3
211 461 3
106 303 4
207 341 5
50 219 5
48 186 4
7 207 3
62 457 3
128 198 5
168 279 3
71 76 4
73 327 3
23 82 3
113 120 4
102 499 3
48 423 5
237 478 4
205 349 5
283 488 3
185 263 5
28 157 4
351 413 5
288 394 5
267 427 4
34 90 3
153 459 4
52 419 5
115 154 5
99 213 5
468 485 4
41 216 5
235 483 3
247 248 5
288 417 4
178 338 5
162 266 4
112 432 3
481 494 5
8 305 3
33 41 5
9 88 3
187 313 3
155 497 3
204 447 4
162 305 4
4 265 4
89 371 3
16 108 3
21 153 3
95 137 4
109 280 3
350 394 4
205 394 5
99 336 5
434 483 5
42 317 4
21 312 3
311 412 3
186 254 3
80 115 3
238 450 3
80 443 4
129 468 4
102 379 3
147 286 5
73 140 3
129 250 5
280 439 5
164 455 5
147 268 4
192 435 4
114 490 5
69 253 3
440 483 4
228 485 5
36 371 3
60 406 5
169 231 4
163 304 5
343 451 3
121 268 3
141 192 5
238 271 4
90 321 3
158 182 4
164 225 3
41 290 3
174 193 5
144 195 5
111 493 4
241 353 5
93 463 3
154 223 5
248 413 3
258 409 3
5 318 3
451 493 3
152 331 3
77 256 4
350 414 5
391 453 5
28 128 3
23 278 5
171 376 4
146 247 5
177 360 4
275 293 5
66 477 3
71 84 5
204 405 5
394 427 5
329 388 5
292 349 5
96 493 4
266 473 4
8 258 3
365 396 4
323 354 5
266 397 4
11 311 5
161 324 4
356 362 3
81 162 3
4 9 4
290 375 3
42 294 3
83 385 4
15 246 4
287 395 3
212 424 4
136 167 5
169 425 4
76 484 4
56 421 3
13 281 5
41 431 5
257 298 5
348 488 3
236 320 4
285 428 5
136 233 3
408 489 3
80 85 3
148 296 3
89 402 5
319 342 4
105 422 3
88 144 4
126 194 3
64 419 4
244 260 5
86 483 5
174 352 4
16 52 5
106 459 4
202 312 5
184 215 4
89 140 3
21 56 4
95 155 5
287 467 3
160 244 4
69 86 5
27 196 4
101 276 5
343 358 4
120 348 5
259 403 3
256 258 4
196 310 3
14 304 5
3 209 4
166 315 3
137 384 4
69 488 4
341 475 5
342 385 3
26 162 5
63 393 4
68 382 5
16 180 3
89 348 5
197 330 4
142 240 4
69 243 4
127 197 5
416 492 5
54 379 5
31 360 5
19 101 5
314 336 5
66 368 5
401 482 3
318 401 3
15 302 4
175 497 4
51 122 3
223 374 5
214 330 3
340 480 3
450 498 5
157 241 3
290 409 4
430 470 5
203 206 3
215 475 3
99 276 4
109 425 4
450 473 4
329 334 5
157 471 5
256 336 5
142 377 3
203 321 3
145 196 3
55 152 3
93 142 3
156 282 4
312 397 5
23 243 5
280 499 5
159 464 4
73 429 3
107 134 5
291 426 4
185 335 4
168 187 4
257 377 4
278 334 3
110 366 5
402 444 3
102 291 3
134 151 3
98 112 3
188 406 5
38 115 4
14 109 4
339 372 5
186 354 5
196 462 3
35 492 4
134 340 5
120 171 4
405 455 4
374 433 3
23 389 5
28 196 5
62 263 3
103 454 3
295 326 4
232 377 4
94 162 4
17 432 3
138 198 5
193 319 3
131 408 4
265 435 3
237 364 3
30 245 3
311 358 4
92 277 3
77 421 5
279 421 3
29 44 3
388 442 4
164 488 4
208 211 4
346 435 3
68 237 4
8 412 5
176 399 4
328 493 3
442 471 5
58 347 4
40 481 3
54 166 4
122 475 4
8 45 3
19 458 4
434 467 5
173 366 5
123 146 5
71 385 3
415 453 4
383 491 5
36 247 5
108 118 5
81 398 4
174 219 4
183 271 5
7 439 4
338 342 5
249 418 3
94 233 5
159 381 5
60 250 5
225 458 4
88 193 3
15 378 5
88 283 3
313 417 5
219 459 3
342 435 4
79 118 4
234 270 4
136 377 5
123 224 5
87 333 4
355 357 4
95 118 3
50 421 4
271 361 4
241 407 5
70 193 4
252 456 3
22 117 4
465 495 4
152 359 3
142 390 5
133 387 5
152 232 3
217 353 5
35 121 5
47 220 3
3 358 5
96 132 4
386 452 3
157 323 4
354 496 5
32 317 4
122 299 4
169 224 4
404 446 3
14 357 3
90 484 4
281 471 5
3 141 5
113 152 3
9 97 4
273 316 5
209 422 3
138 158 3
68 135 3
12 174 5
253 369 4
299 423 3
205 462 4
205 251 4
293 376 5
6 159 3
218 426 3
51 188 3
30 122 3
320 380 4
202 358 5
39 241 5
10 397 4
131 414 3
57 340 3
197 253 5
267 487 3
284 467 4
119 386 4
280 487 3
134 477 5
3 57 4
392 401 3
51 183 3
45 497 5
472 500 4
55 131 4
152 230 5
42 110 3
294 392 4
211 267 5
30 155 3
7 181 3
170 394 4
38 160 5
84 104 5
374 460 4
79 200 4
19 447 3
33 181 5
78 139 3
186 477 5
106 255 3
259 326 3
403 412 4
10 148 4
434 489 5
157 338 5
7 67 5
250 321 4
203 325 5
196 200 3
124 204 3
81 299 5
253 382 4
236 242 4
60 197 4
132 216 3
253 323 5
136 231 5
55 358 5
245 260 5
125 273 3
17 85 3
141 167 5
116 280 3
194 405 5
276 409 3
144 427 3
382 402 5
55 391 5
107 342 3
91 330 3
26 198 5
53 140 4
92 388 3
44 62 4
277 284 4
102 169 4
327 339 4
129 301 4
217 386 3
56 203 5
215 390 3
97 112 3
155 164 5
299 475 3
205 457 4
23 39 4
179 429 4
103 129 5
103 209 3
61 251 4
190 483 4
455 466 5
148 352 5
210 328 4
19 237 3
379 476 4
106 224 3
417 432 4
9 424 5
67 85 4
147 392 5
407 463 4
268 478 3
258 280 4
203 483 4
5 488 3
9 472 5
10 383 5
173 184 4
260 438 5
128 432 4
240 477 5
14 224 4
94 290 3
232 267 4
367 420 5
69 116 4
67 479 4
15 491 4
108 151 5
140 432 5
164 172 4
63 123 3
74 348 5
104 465 4
264 282 4
106 290 5
31 106 4
204 406 5
221 272 3
137 442 5
254 403 4
60 286 4
202 462 4
99 261 3
236 457 4
94 372 4
8 477 5
109 379 4
171 440 5
272 384 3
13 163 5
61 84 3
132 384 4
146 467 3
254 271 3
153 479 4
102 202 3
110 387 3
127 481 3
139 389 3
118 306 5
39 238 5
317 417 3
40 478 4
214 363 4
117 245 5
92 297 3
248 307 3
67 216 3
287 475 4
365 434 4
320 388 5
18 149 3
330 421 5
71 181 5
21 22 4
95 437 3
125 474 5
246 399 5
58 451 4
286 327 4
258 282 5
107 468 5
180 198 5
448 457 5
342 364 5
8 375 3
20 469 4
15 83 5
141 278 3
266 302 3
145 171 4
75 259 4
58 494 4
196 497 4
145 164 5
194 270 5
402 487 3
61 303 5
78 479 5
63 185 3
393 424 5
222 393 4
77 274 3
251 381 4
5 122 4
316 428 5
47 494 3
2 130 3
151 225 3
99 345 3
280 404 3
13 468 3
425 460 4
62 333 5
187 392 3
281 291 5
135 476 5
55 76 5
122 273 3
51 186 4
2 76 3
137 231 4
101 491 4
187 395 4
281 484 3
1 337 5
75 457 3
355 496 3
205 310 3
33 75 3
250 441 4
49 344 5
9 256 4
239 256 4
191 344 4
172 278 5
61 242 4
156 450 3
245 466 4
180 321 4
139 452 5
60 155 3
346 444 5
166 434 3
76 428 4
113 259 4
101 344 4
38 470 5
189 405 5
136 467 4
140 364 4
67 191 3
164 328 5
99 255 4
303 321 4
277 443 5
57 216 4
22 109 5
53 202 3
145 395 4
24 67 3
133 245 4
37 491 3
86 251 3
74 111 4
441 475 5
114 380 3
128 412 4
433 450 5
10 334 3
22 333 5
114 425 3
76 366 5
114 454 3
91 202 3
37 88 4
208 411 3
15 280 5
145 469 3
181 224 5
220 473 5
140 473 4
202 265 4
103 216 5
275 299 5
288 440 5
66 355 5
389 472 3
366 457 4
77 315 3
180 344 3
10 97 3
129 400 3
54 317 4
27 148 5
11 474 5
5 271 4
295 360 4
355 394 4
29 422 4
58 124 4
191 279 3
211 269 4
415 430 5
61 239 3
200 253 3
31 279 3
257 424 3
191 304 3
46 164 3
377 397 3
286 471 3
234 427 5
242 287 4
235 444 3
84 313 4
36 361 5
258 411 5
149 365 3
304 344 4
81 244 4
195 273 3
302 494 3
238 373 4
371 417 3
189 394 4
195 428 3
15 247 5
256 383 5
37 432 5
52 366 5
51 345 4
277 457 3
47 477 5
282 360 4
146 365 3
63 273 3
138 193 4
51 131 4
176 443 5
90 456 3
149 249 5
86 446 3
18 26 4
118 433 3
248 339 4
45 395 3
279 363 3
74 297 3
23 175 3
27 392 5
80 434 5
184 383 4
114 408 5
154 475 4
82 439 4
243 422 3
26 411 4
67 115 5
86 200 3
11 26 4
135 354 4
360 499 4
311 499 4
154 396 3
119 409 4
226 465 3
195 285 5
181 407 3
69 441 5
59 168 5
486 488 5
110 485 3
278 467 5
53 469 5
238 404 4
41 331 5
204 331 3
348 401 4
42 50 5
317 457 3
28 357 4
265 359 4
214 224 4
220 281 5
127 331 3
448 472 5
91 414 4
69 438 5
8 48 4
251 253 5
15 114 4
43 295 5
53 204 4
106 256 5
395 458 3
146 300 4
308 458 5
39 77 4
24 364 4
87 208 4
347 500 5
305 354 3
202 463 5
184 363 5
170 437 5
144 342 3
96 252 4
270 296 4
384 481 4
29 98 5
358 421 3
428 431 3
191 349 4
173 458 3
163 325 3
4 232 4
280 354 5
132 287 4
300 457 3
247 463 3
128 274 3
367 381 4
96 223 4
170 191 3
244 373 5
40 360 3
178 359 5
2 423 4
227 370 5
39 375 4
257 340 5
234 364 3
131 445 3
270 499 4
140 197 5
294 349 3
68 339 4
151 281 5
78 338 4
371 410 4
158 173 4
64 340 4
52 169 3
335 359 3
66 110 3
182 484 3
179 203 3
187 198 5
19 117 4
81 298 4
333 341 3
68 329 4
167 175 3
188 253 5
65 159 4
200 366 3
44 367 4
8 35 5
24 306 4
376 492 4
13 21 3
10 498 5
394 459 4
35 379 5
48 365 4
319 414 3
104 314 5
196 500 3
310 397 5
320 345 3
220 242 4
168 468 4
58 159 5
108 289 3
474 476 4
192 381 4
268 464 4
64 456 5
275 478 3
395 431 3
97 498 4
102 139 5
77 311 5
214 494 5
356 413 3
99 365 3
262 336 3
81 436 4
203 431 4
6 107 5
357 363 4
238 499 3
231 355 3
394 421 4
139 394 4
164 255 5
289 357 4
47 218 4
324 390 5
41 174 4
356 473 4
171 459 5
336 475 4
11 312 4
37 64 4
181 391 3
298 303 5
309 441 4
31 241 4
240 332 4
200 418 4
64 267 4
236 283 5
194 271 4
471 473 5
2 46 5
295 478 5
81 119 5
138 307 4
216 481 3
244 424 5
360 367 3
64 148 5
168 302 3
262 299 4
166 468 3
191 451 5
110 459 3
234 492 5
308 334 5
116 295 4
220 426 3
124 343 5
92 156 3
16 430 4
38 297 4
187 414 4
67 414 4
55 104 4
22 198 5
185 187 3
17 255 3
62 179 4
78 422 4
47 420 4
129 316 5
276 454 3
30 490 4
88 244 4
94 172 3
185 300 4
207 439 3
58 311 3
236 303 3
42 368 4
227 486 3
358 495 4
15 200 4
121 446 5
189 484 3
17 95 5
274 342 3
332 446 3
160 446 5
49 316 4
109 246 5
129 483 3
304 492 3
67 228 3
343 483 5
129 164 3
202 292 3
13 345 5
199 340 3
38 47 4
31 208 4
420 482 4
30 78 5
362 415 3
179 413 3
32 290 5
138 499 3
182 208 3
344 423 5
259 272 3
173 469 4
435 445 4
460 487 5
300 374 3
294 483 4
351 398 4
268 469 4
249 291 4
139 449 4
167 294 4
97 344 5
407 435 4
306 336 3
65 376 3
37 41 3
64 387 3
280 328 3
17 144 4
269 307 3
224 427 3
151 162 4
51 112 3
118 160 3
334 477 3
151 192 5
251 256 5
274 491 5
331 333 3
155 187 3
325 481 3
40 251 4
41 117 4
33 392 4
8 46 4
1 3 3
104 291 3
289 382 5
5 367 4
128 232 3
173 254 3
40 273 3
149 348 5
96 144 4
21 76 3
66 352 4
155 257 3
208 471 4
255 267 5
317 420 5
355 459 5
45 155 5
159 262 3
430 457 5
251 277 3
111 343 5
285 400 4
115 153 3
320 363 3
32 500 3
333 374 5
222 362 4
42 412 4
157 488 4
1 459 3
61 150 3
51 66 4
228 350 4
35 215 5
156 294 3
109 447 5
29 432 5
19 163 3
162 263 3
162 433 3
350 376 4
115 158 4
150 186 3
371 468 4
190 238 4
17 30 3
358 373 3
126 176 4
77 174 3
178 193 3
10 165 3
36 122 4
332 428 4
148 348 3
57 86 5
178 306 4
196 448 5
83 186 5
341 384 4
23 493 5
438 456 3
9 293 3
138 217 3
266 494 4
277 499 5
131 298 4
168 274 4
271 313 4
321 435 5
194 398 5
121 196 5
3 135 3
317 430 3
201 294 3
183 267 3
211 327 5
1 2 3
161 364 4
124 469 4
178 342 3
61 122 3
307 478 5
18 37 3
94 380 3
319 370 3
28 174 4
283 359 5
337 392 3
104 484 3
29 162 4
239 403 4
2 299 5
185 403 4
157 384 4
339 473 5
113 323 5
74 184 5
149 342 4
69 152 4
116 269 4
28 391 3
299 399 5
329 358 3
104 202 4
84 355 4
120 136 4
188 384 5
250 389 5
124 210 5
79 322 3
101 208 5
15 194 4
320 411 4
120 404 4
69 99 3
19 482 4
26 116 4
416 460 3
188 418 4
39 191 4
154 273 4
267 341 4
22 28 5
140 216 4
378 439 3
166 181 3
60 264 5
230 491 3
74 447 3
180 363 5
297 331 5
143 496 5
19 146 5
103 278 5
85 479 3
29 59 5
62 259 4
3 464 4
104 116 4
307 494 5
286 415 3
99 260 4
271 473 3
158 350 3
413 433 4
106 368 4
249 344 4
374 426 3
408 446 3
18 297 5
290 483 5
30 87 5
245 375 5
123 406 4
350 458 5
103 333 5
103 271 4
410 440 5
195 343 4
424 436 3
56 73 3
125 468 3
106 396 4
88 373 4
142 346 5
35 354 3
419 422 5
55 397 4
248 290 3
23 490 3
190 421 3
243 465 4
83 402 3
51 242 5
109 256 5
84 133 4
377 454 4
104 305 4
279 356 4
81 419 4
212 395 5
56 75 4
219 450 3
103 399 5
225 274 5
418 434 3
85 320 4
61 172 3
1 105 3
275 497 5
294 472 3
86 113 4
32 117 4
141 145 5
136 214 3
60 294 4
26 119 5
10 329 4
353 479 5
198 481 3
97 200 4
69 405 5
119 290 5
112 443 5
14 266 3
183 372 4
159 398 4
188 266 4
183 420 5
243 258 3
315 360 4
156 244 5
136 277 5
71 461 5
43 53 4
60 305 5
23 208 5
193 437 4
205 409 5
165 331 5
167 302 4
26 117 3
341 396 3
147 338 4
210 475 4
105 385 4
42 187 4
147 424 4
271 484 3
120 253 3
169 470 4
28 68 3
153 225 4
393 491 4
109 372 5
68 126 4
192 421 3
348 392 3
69 202 4
327 390 5
214 489 4
208 233 5
353 468 4
40 328 5
139 275 5
106 295 3
295 490 5
148 220 4
401 414 4
304 322 3
222 282 4
118 256 5
405 488 4
5 399 3
210 364 3
119 352 4
7 196 4
162 397 5
285 469 4
175 215 5
85 180 3
71 308 3
72 391 4
84 159 3
96 456 4
164 242 3
102 358 3
154 348 3
362 471 4
9 56 3
112 214 4
228 442 5
219 299 5
3 238 4
77 247 3
53 265 3
248 397 4
134 312 4
102 470 3
374 468 3
149 265 3
294 379 5
144 302 4
32 351 5
101 459 4
77 149 4
155 406 4
64 131 5
355 403 4
55 183 5
203 486 3
263 341 4
262 459 5
307 462 4
137 160 5
26 192 4
81 142 5
233 335 3
154 354 5
217 318 3
15 396 3
9 81 5
148 361 4
66 317 5
156 311 4
125 152 3
107 160 3
277 470 3
227 358 3
18 269 5
17 419 4
284 454 4
212 467 3
98 470 4
128 361 3
319 333 3
51 244 4
17 436 5
200 367 5
79 197 4
292 500 5
58 454 5
275 428 3
364 425 4
170 370 4
106 487 3
278 311 5
247 435 5
192 378 5
78 222 5
56 283 4
116 445 4
81 172 4
37 127 3
223 464 5
136 265 3
207 450 3
57 336 4
55 65 4
19 94 3
249 474 4
334 368 3
62 269 4
309 326 5
62 407 4
261 338 4
265 311 5
384 386 4
163 394 3
93 132 4
172 497 4
338 486 5
257 296 3
97 464 4
132 412 5
66 150 4
149 251 3
60 265 4
150 486 5
192 230 4
61 396 5
460 495 3
162 445 5
34 128 4
54 74 5
357 398 5
211 476 4
377 464 5
77 101 5
51 226 4
66 220 5
101 315 4
32 37 3
203 253 4
180 474 4
64 86 4
298 477 3
224 500 3
72 210 3
258 462 3
393 498 5
91 289 3
311 496 4
6 215 5
27 124 3
214 373 5
324 360 5
360 436 4
164 416 4
154 238 5
208 270 3
214 262 4
122 209 4
118 205 4
86 226 3
108 410 4
211 324 4
233 352 4
51 338 4
213 336 3
37 374 4
50 169 5
46 100 5
200 218 4
200 236 5
183 237 3
390 462 5
141 282 3
170 183 3
165 311 5
86 188 4
89 450 4
282 303 5
48 124 3
205 366 5
94 223 5
131 148 4
1 412 3
9 11 3
65 364 4
165 456 4
225 258 5
65 219 3
23 309 4
119 142 3
44 201 5
48 483 4
189 457 5
254 445 4
171 317 3
83 332 3
21 397 3
221 423 3
383 467 5
8 179 3
201 229 4
262 380 5
396 474 3
341 408 4
131 305 3
305 373 4
162 406 4
383 456 5
11 217 4
256 308 5
158 215 3
82 145 5
213 463 5
325 358 4
33 187 4
192 197 5
76 262 3
25 141 5
114 500 3
101 427 5
25 451 3
266 363 4
168 485 4
54 373 4
13 25 3
316 404 5
147 159 3
59 84 4
256 429 4
10 298 5
169 236 3
66 117 5
99 392 5
131 424 3
163 219 3
158 172 4
131 413 5
139 143 3
16 83 4
236 364 4
175 356 4
145 172 5
191 379 4
229 269 3
174 440 3
277 441 4
193 228 5
236 441 4
46 329 5
54 243 4
45 496 3
85 425 3
147 291 4
9 274 4
40 70 5
23 341 4
256 466 5
192 315 5
224 403 5
281 463 4
80 273 4
91 359 3
85 277 4
354 465 4
186 302 4
137 429 3
45 381 3
41 184 4
292 443 4
177 499 5
151 269 4
475 495 3
135 140 3
255 479 3
176 397 5
106 325 4
12 373 5
127 147 4
136 189 4
44 482 4
230 418 5
203 382 3
105 456 4
73 421 3
96 221 4
53 462 5
163 464 5
65 75 4
2 231 5
414 419 4
95 404 5
164 451 5
177 346 4
158 449 4
410 417 4
87 293 5
19 444 3
42 66 4
279 365 5
68 320 3
188 346 5
201 331 4
184 284 5
11 150 4
28 84 3
294 499 5
140 386 5
300 330 5
413 495 4
282 452 4
183 243 3
218 486 5
16 142 4
6 64 5
56 209 3
183 407 5
6 398 3
85 88 4
61 109 5
10 239 4
77 150 4
85 111 5
213 337 3
2 118 4
127 427 5
227 307 3
140 403 4
62 134 4
20 306 5
178 494 4
265 369 4
383 453 3
312 480 3
103 256 4
43 226 4
12 414 5
10 50 4
229 292 3
35 105 3
237 314 5
159 340 4
204 332 5
331 492 5
253 256 4
142 273 5
223 364 3
63 249 5
217 301 4
57 341 3
90 495 3
303 340 4
371 447 4
14 31 3
69 478 3
401 493 5
197 242 3
320 369 4
285 345 3
259 413 5
341 379 4
53 129 3
92 480 4
248 443 3
176 213 4
360 472 4
262 318 4
53 358 4
415 426 3
265 445 5
235 422 5
137 395 5
320 338 5
13 226 4
63 477 3
254 460 3
75 198 3
143 241 4
412 495 5
113 176 3
396 401 5
285 377 3
153 183 5
206 369 3
62 454 5
141 242 5
17 110 5
258 414 3
369 376 3
116 140 3
115 186 3
174 482 4
152 201 3
333 376 4
53 420 4
215 239 3
290 337 4
71 263 4
9 77 4
112 325 5
83 161 3
42 132 4
14 288 3
2 89 4
206 471 4
102 422 4
360 383 4
84 406 5
219 354 4
439 491 5
82 328 4
228 476 5
8 89 4
104 257 3
365 427 3
417 442 4
168 204 3
95 122 3
197 202 4
24 52 5
156 297 3
26 278 4
98 345 3
87 471 4
232 364 5
27 110 3
112 164 4
53 182 5
184 322 3
187 407 5
74 416 4
136 163 3
145 392 4
54 85 3
283 308 4
68 206 5
451 499 3
460 482 3
192 358 4
119 246 4
194 391 5
349 454 3
427 453 4
39 446 4
98 284 3
323 438 5
168 258 3
113 428 5
320 402 4
71 118 4
85 267 3
145 199 3
138 458 4
38 222 3
365 446 4
320 337 5
231 285 5
115 207 3
16 195 5
142 244 3
189 291 4
235 275 4
290 455 4
293 359 4
83 474 5
118 253 3
5 156 5
18 137 3
14 426 4
126 158 3
150 350 5
51 147 5
55 464 5
321 480 5
90 397 3
263 328 5
181 305 5
112 218 4
195 200 4
433 454 5
106 169 5
24 121 5
244 427 3
113 162 3
116 168 3
70 210 3
278 286 5
28 244 5
360 487 4
180 390 4
84 457 5
28 433 3
186 458 3
3 282 5
18 259 4
206 352 3
370 471 4
201 225 3
174 249 3
169 323 3
216 431 4
39 383 5
381 399 3
309 443 5
173 425 4
276 446 5
93 143 4
120 156 4
88 441 5
97 143 5
124 291 4
89 427 4
9 49 4
370 420 4
35 222 5
276 497 3
89 434 4
441 461 5
263 415 4
93 106 5
212 247 5
144 190 3
205 243 3
258 422 4
328 392 3
351 475 4
15 35 5
124 345 3
75 231 4
8 294 4
377 437 5
88 194 3
251 364 5
57 113 5
179 396 3
317 378 3
28 285 4
104 118 5
97 209 5
93 388 4
37 286 3
106 372 3
192 250 4
284 474 3
116 392 3
72 313 3
408 410 3
87 447 4
76 375 4
347 456 3
76 298 5
45 178 4
46 232 3
152 437 5
101 199 5
111 288 4
11 185 3
85 378 5
13 151 5
15 39 3
120 173 4
303 329 5
45 455 4
11 15 4
129 484 5
274 479 3
85 457 3
10 121 4
324 406 3
69 113 4
37 406 4
268 405 4
62 367 5
151 215 5
97 216 3
28 49 3
152 244 3
15 237 5
95 425 4
29 84 4
94 141 3
391 479 3
94 241 3
308 388 5
203 492 5
238 301 3
114 496 4
233 466 3
217 485 3
3 399 4
38 428 3
259 368 4
251 272 5
473 493 3
81 468 4
34 379 3
17 47 3
288 433 3
7 270 5
23 127 3
79 350 3
292 333 4
469 492 3
300 394 3
213 460 4
137 405 5
148 472 4
459 485 3
137 374 5
41 145 3
139 482 3
68 73 5
126 296 5
412 444 3
23 284 4
179 291 4
14 65 4
69 355 5
47 442 3
208 496 4
171 482 3
291 346 5
138 333 4
224 314 4
157 366 4
55 88 4
246 356 3
183 322 3
222 313 4
57 313 4
149 391 4
41 128 5
21 53 5
153 262 5
179 293 4
251 408 5
25 420 4
419 469 3
242 252 4
270 460 3
425 436 3
170 209 4
211 278 4
423 449 5
39 221 3
69 199 3
417 481 4
52 171 4
339 432 5
81 421 5
82 424 4
127 300 5
33 319 4
133 271 4
307 360 5
23 440 5
182 450 5
267 274 4
241 426 4
196 213 3
38 278 4
92 455 5
129 278 3
145 190 3
302 321 5
210 390 5
379 461 4
5 144 3
79 492 4
205 348 3
90 446 4
304 467 3
301 419 5
309 405 5
231 303 4
172 323 5
55 456 4
116 212 4
34 179 4
220 245 4
104 323 3
327 439 3
60 400 5
52 215 3
222 471 5
130 196 3
40 463 3
116 438 4
404 472 4
214 420 3
371 384 5
370 474 4
26 52 3
128 253 5
131 441 3
225 482 5
124 187 3
221 322 4
84 470 3
89 153 4
90 138 5
248 341 4
310 471 3
80 352 5
90 315 5
47 131 3
472 477 3
145 262 5
65 347 4
86 184 3
72 178 4
261 296 5
259 261 5
44 470 4
62 371 5
124 393 4
118 167 4
338 465 4
308 444 3
225 498 4
393 490 4
284 491 5
237 332 3
160 389 5
440 449 5
37 90 4
65 461 5
90 163 4
298 332 3
307 417 4
200 365 4
19 205 4
276 484 5
42 44 5
215 420 3
6 283 3
10 315 3
206 288 3
131 297 4
328 426 3
46 64 4
7 390 3
382 391 5
220 478 4
108 448 4
83 446 4
212 380 3
267 316 4
139 171 4
379 430 5
236 415 5
17 96 4
102 274 5
54 341 5
190 321 4
111 391 4
85 101 3
43 119 3
53 241 5
138 389 5
80 343 5
1 25 4
19 41 3
296 336 4
101 335 3
250 346 5
152 176 5
79 167 3
150 203 5
201 422 3
436 448 5
144 272 5
248 374 5
252 311 3
193 331 5
220 348 5
16 174 3
52 394 5
278 290 3
42 249 5
69 194 4
122 123 3
127 157 3
370 379 3
84 172 3
159 249 5
8 20 3
87 393 5
252 338 3
207 249 3
33 200 4
9 285 4
347 390 4
305 471 4
230 459 5
240 291 4
265 288 5
243 340 4
6 462 4
271 440 5
181 395 3
186 385 4
285 317 5
337 388 4
358 381 3
335 483 5
27 221 4
78 415 3
217 427 4
101 312 4
121 425 3
274 484 3
11 83 3
40 63 5
22 433 3
249 257 4
64 276 4
98 275 4
33 485 5
143 210 3
31 234 3
7 437 3
487 494 4
79 386 3
30 296 3
182 364 4
345 444 5
213 276 3
169 202 3
11 306 4
107 260 4
208 426 5
71 119 4
81 471 4
235 277 4
228 457 5
48 468 4
37 309 3
34 410 4
70 479 5
207 252 4
478 481 3
58 353 3
241 500 4
265 442 3
216 302 5
185 410 4
75 296 3
58 171 5
62 428 3
163 439 5
66 320 5
30 457 3
10 75 3
242 269 3
61 336 5
292 321 5
146 380 5
281 372 3
99 460 5
354 439 5
51 160 3
45 387 4
309 421 3
357 428 3
135 296 5
328 484 5
58 296 4
203 329 5
192 451 4
188 333 4
181 462 4
228 313 5
390 484 5
244 491 4
101 413 4
39 346 5
115 203 5
124 234 3
155 230 3
17 378 3
301 414 4
3 415 5
11 174 4
369 427 3
140 332 3
4 6 3
66 131 4
231 476 5
109 211 4
256 400 5
255 386 5
211 389 3
322 401 3
76 195 5
104 119 4
15 360 3
164 457 5
152 166 5
1 323 3
144 481 3
18 254 5
383 409 3
32 143 4
133 353 4
146 185 3
236 298 4
35 264 4
44 356 4
147 487 4
38 217 4
282 444 3
119 258 3
106 253 3
265 274 3
133 341 3
300 320 4
174 469 3
320 409 3
117 210 3
62 168 5
407 412 4
129 379 4
3 498 3
449 468 3
118 370 3
401 435 3
9 437 4
430 475 3
306 312 3
128 451 5
59 355 3
98 476 5
153 372 3
49 418 4
35 103 5
140 340 5
196 373 4
88 435 3
59 418 4
71 77 5
338 341 3
137 356 5
2 71 4
183 492 3
164 373 4
295 408 5
20 474 3
347 396 4
36 391 4
257 311 3
201 481 4
18 159 4
68 187 5
339 463 3
114 221 5
137 381 4
203 225 3
130 329 3
332 464 3
113 212 3
36 184 4
145 308 3
11 58 4
167 398 4
265 395 4
426 498 5
182 248 3
30 287 4
406 463 3
114 285 5
216 479 5
108 345 3
288 469 5
3 338 4
283 494 3
202 270 5
87 109 5
2 387 3
228 331 3
259 490 5
37 203 4
239 336 3
85 343 3
196 247 5
73 279 4
26 256 4
342 380 5
9 28 3
233 440 3
158 479 3
195 314 5
113 166 4
54 209 4
244 252 5
276 443 5
31 144 3
126 218 4
254 320 4
22 388 3
28 227 4
103 400 5
143 244 4
376 389 5
45 216 3
211 279 5
172 466 5
187 444 3
117 346 3
35 61 4
252 400 5
44 195 4
6 24 4
71 297 4
316 429 5
110 174 4
40 305 3
166 389 3
82 394 5
423 454 5
183 232 4
65 123 3
148 495 5
52 131 3
59 189 3
119 357 5
22 494 5
300 364 3
282 389 3
212 500 5
186 222 5
168 339 3
5 499 4
257 430 4
227 238 3
382 387 5
229 259 5
311 445 3
427 484 3
7 195 4
50 393 5
331 343 3
231 421 4
3 161 3
65 147 5
37 169 3
279 377 5
153 354 4
311 452 5
200 217 4
227 345 4
249 348 3
10 475 3
106 429 3
197 279 4
165 316 4
416 429 4
27 495 5
106 360 3
312 468 3
225 269 4
99 197 4
259 477 4
40 213 4
395 420 3
237 396 4
112 155 4
123 439 5
180 428 3
36 491 3
30 225 5
161 238 5
153 467 4
185 414 3
7 494 5
266 301 3
40 304 4
138 233 4
51 496 5
288 376 3
41 203 3
71 134 4
28 363 5
229 313 4
419 444 4
67 134 3
191 338 4
98 321 3
130 287 4
203 412 5
85 490 3
134 493 3
103 354 5
13 427 3
271 281 5
217 451 4
324 351 4
30 492 4
115 500 3
273 302 3
268 344 3
271 483 3
40 207 5
107 488 3
351 372 5
128 335 4
111 167 5
95 368 3
215 250 5
264 310 5
26 68 3
162 320 4
203 424 3
213 368 5
121 443 4
261 337 4
112 369 3
155 256 4
378 430 4
268 411 5
137 377 5
182 260 5
100 427 5
345 442 3
11 463 4
71 447 4
171 379 3
122 238 4
367 380 4
44 163 5
163 317 5
419 493 5
95 168 3
191 267 4
44 350 5
94 450 3
278 387 3
152 433 5
198 467 4
483 500 5
228 498 3
19 277 5
342 392 5
82 409 4
249 471 3
53 455 4
102 416 3
362 477 4
8 463 3
142 341 4
75 149 5
101 364 4
318 470 5
317 399 3
268 326 5
402 467 4
243 351 3
254 435 3
201 312 4
312 479 4
304 423 3
39 207 4
6 358 5
139 155 3
80 315 3
240 454 3
190 284 5
283 435 3
342 367 4
104 404 4
20 105 5
141 217 5
394 452 4
46 328 4
173 231 5
37 408 4
397 419 4
20 140 5
93 269 5
181 402 3
152 321 3
386 461 4
139 262 3
164 432 4
350 390 4
170 380 4
165 447 3
145 288 4
170 445 3
167 382 5
60 246 3
293 294 4
144 233 5
437 469 3
170 434 4
97 167 4
118 308 4
6 442 5
316 470 3
123 297 4
173 219 5
30 97 4
142 201 5
160 372 3
218 484 5
323 482 4
29 62 5
96 305 4
264 405 5
266 416 3
180 491 3
19 272 4
79 255 3
53 484 5
164 180 5
373 475 4
181 273 5
216 449 5
241 469 4
141 250 5
21 445 4
205 443 4
207 398 5
36 369 4
412 477 5
260 308 4
403 454 3
20 31 5
279 368 5
338 374 4
35 120 5
205 261 4
292 298 4
411 450 4
75 352 4
45 277 5
79 368 3
318 370 5
108 423 4
463 495 3
48 480 5
340 372 5
151 258 3
130 229 3
96 299 4
380 438 4
14 371 5
59 321 3
178 287 5
275 362 5
99 320 3
300 477 3
183 315 5
30 442 3
281 459 4
86 106 4
135 446 3
28 313 3
309 397 5
81 151 5
21 206 3
174 313 4
409 439 4
461 496 5
58 404 5
13 63 5
251 295 3
337 496 3
309 468 5
183 324 5
178 488 4
258 460 4
302 416 5
198 224 3
446 465 3
234 500 4
483 498 5
209 263 4
208 355 3
43 258 3
31 316 3
264 299 3
183 246 5
165 216 5
205 230 4
306 346 4
62 146 4
53 339 3
142 339 3
201 274 3
210 278 4
369 496 5
386 486 5
361 438 3
175 463 5
227 487 4
79 171 3
295 465 4
136 366 3
202 419 4
96 491 3
80 320 5
138 394 4
5 398 5
249 316 5
75 88 4
136 404 3
214 468 3
53 63 4
239 412 5
105 214 5
143 312 5
166 473 3
116 479 3
62 306 5
171 194 4
111 201 5
192 340 4
251 455 3
374 455 5
146 204 3
105 140 4
244 367 3
101 106 4
386 390 5
240 435 4
166 260 3
29 251 3
140 145 4
297 370 4
143 338 4
268 302 4
156 486 4
284 307 5
300 484 5
298 428 5
386 441 5
39 494 5
71 278 3
173 472 3
392 466 3
73 474 3
354 430 4
80 223 4
18 492 5
60 470 3
47 249 4
280 289 5
406 468 4
45 472 4
155 193 5
192 493 3
1 258 4
124 471 3
9 391 3
76 222 3
178 219 3
293 493 5
337 448 5
29 266 4
292 446 5
3 32 4
37 435 3
55 370 4
207 447 5
138 153 3
314 409 4
219 367 4
95 474 5
105 366 3
55 137 3
85 204 5
79 139 3
223 452 4
42 462 4
241 468 4
466 498 5
128 301 5
61 341 4
300 407 5
337 477 4
247 355 5
44 73 5
254 382 4
146 324 5
256 294 5
139 403 5
31 58 4
372 421 3
388 412 5
162 362 5
29 411 3
124 350 5
135 258 5
60 149 4
268 465 3
97 360 4
146 246 4
400 416 3
240 309 5
329 364 3
321 394 5
284 429 5
2 345 5
139 277 3
175 231 4
397 463 4
116 500 5
161 178 4
211 435 4
110 292 3
151 419 4
47 480 5
12 435 4
25 210 4
74 258 4
83 291 5
15 326 4
1 18 5
480 483 5
75 349 3
25 217 4
72 426 3
224 454 4
110 420 4
55 205 4
131 271 4
330 449 5
139 237 5
395 443 5
247 301 5
16 150 3
190 210 4
195 301 5
367 427 4
170 389 4
18 457 5
59 307 3
318 372 4
268 354 4
1 10 4
276 463 5
21 220 4
76 295 4
333 483 4
60 461 4
414 415 4
140 476 3
19 394 4
14 57 3
365 418 3
301 420 4
41 426 4
39 295 4
13 184 4
112 400 3
195 394 4
71 210 5
167 436 5
237 371 5
28 409 3
31 61 4
243 244 3
264 277 5
270 306 5
113 267 5
305 408 5
393 410 5
16 62 4
111 230 3
237 326 4
379 389 3
295 481 5
122 375 3
330 352 4
103 181 5
77 190 4
282 461 3
41 210 4
430 466 5
4 224 5
453 462 3
387 484 3
414 429 3
173 191 3
306 452 5
174 351 3
215 332 3
47 143 4
190 458 3
156 374 3
212 280 3
124 475 4
306 360 4
8 33 4
92 193 5
487 488 3
231 250 3
310 428 4
280 329 5
13 175 5
26 36 5
10 60 4
399 432 5
1 325 3
190 334 3
204 455 5
116 299 4
211 462 3
57 95 5
97 137 4
193 300 4
121 155 5
122 309 5
101 334 4
101 114 4
161 288 4
26 58 5
236 314 4
192 199 3
98 439 5
191 197 5
2 81 5
198 206 3
71 410 4
26 75 4
78 410 3
168 477 3
258 442 5
88 445 5
122 315 3
181 248 5
353 474 4
109 316 5
104 352 4
72 381 5
78 407 4
22 203 5
29 74 3
127 338 5
162 293 5
69 162 4
156 237 4
446 483 5
149 266 5
91 300 5
250 343 3
252 420 3
81 429 5
55 180 5
68 240 5
233 412 4
145 485 5
177 262 4
110 351 5
77 367 4
12 315 5
91 349 4
248 350 4
368 448 3
59 298 3
25 496 3
82 165 3
146 390 3
128 439 5
49 298 4
123 236 4
83 156 4
221 463 3
356 470 3
283 385 3
272 298 3
253 367 3
15 16 4
58 255 5
76 362 3
43 166 3
242 258 4
160 213 3
42 179 3
206 429 3
353 481 5
28 190 5
139 352 4
160 469 3
57 80 4
170 243 5
144 236 5
120 398 3
385 433 3
160 492 4
58 108 3
346 457 4
168 222 3
12 455 3
58 87 3
238 384 5
47 53 5
399 495 3
17 380 4
89 424 3
247 288 4
115 396 4
72 262 3
103 231 4
94 348 3
236 424 3
32 362 3
47 149 3
36 295 3
108 125 5
94 317 5
121 287 5
460 470 3
323 331 3
158 268 3
174 414 3
86 92 4
67 303 4
66 406 5
22 240 3
81 308 3
90 233 4
175 307 5
272 286 3
152 191 3
77 130 5
282 413 4
137 433 5
204 322 5
405 493 5
292 389 4
346 390 3
109 331 3
276 481 5
59 175 3
212 456 5
153 216 4
218 393 4
232 334 5
90 160 3
199 203 4
335 356 5
21 471 3
355 410 5
91 381 4
50 226 5
62 172 3
108 248 5
55 158 5
30 124 3
264 379 5
109 126 3
80 494 5
5 229 4
22 78 5
91 351 3
14 269 5
301 479 4
307 442 4
99 270 4
165 193 5
89 277 5
20 466 3
75 217 3
185 431 3
202 372 3
327 414 4
39 62 3
165 434 4
221 335 5
40 231 4
57 370 4
189 313 4
241 427 4
240 297 3
50 176 4
18 220 4
284 340 5
158 453 3
73 447 5
118 488 4
435 453 3
92 303 5
128 194 3
267 394 3
303 351 3
134 224 5
138 468 3
409 423 3
105 301 3
57 305 5
266 269 3
86 253 5
24 266 3
140 236 3
5 198 3
26 232 5
194 439 5
168 381 4
197 332 5
112 313 3
235 427 3
216 432 5
40 374 3
151 287 5
322 410 3
118 236 4
54 326 4
25 253 3
5 443 3
97 452 4
35 339 5
101 185 5
176 249 3
111 198 3
42 105 4
362 380 3
91 347 5
66 434 5
19 402 4
84 117 4
455 480 4
146 225 5
11 423 5
220 228 5
121 143 5
271 419 3
265 486 5
106 312 5
84 468 3
210 321 5
117 354 4
51 429 4
37 138 3
4 310 4
3 448 5
163 321 4
68 475 3
389 490 4
27 152 5
29 377 3
92 150 3
463 472 5
7 148 4
412 478 4
282 433 4
204 346 4
108 263 3
4 39 5
87 472 3
86 289 4
89 421 3
34 253 3
97 230 3
137 266 3
219 296 4
410 477 5
244 269 3
200 297 5
212 492 4
93 451 5
134 219 4
190 312 3
425 498 4
74 147 3
21 110 4
8 398 4
289 461 4
394 405 5
59 280 3
295 449 3
211 226 3
184 258 4
86 330 3
140 187 4
93 278 3
112 213 3
71 193 3
361 447 5
203 254 3
457 495 4
246 337 3
257 407 3
233 310 3
176 418 5
177 260 4
1 206 5
72 287 5
86 353 3
326 380 3
347 430 5
4 109 5
23 256 5
58 333 4
181 380 3
170 178 3
245 435 5
74 337 4
227 474 3
87 414 4
148 345 5
456 499 5
108 447 4
193 480 3
41 402 3
483 492 5
12 372 3
162 262 5
58 127 4
209 460 4
165 183 4
1 205 5
78 399 3
169 418 4
195 411 5
379 399 3
140 233 4
71 312 4
135 432 3
137 162 5
33 436 3
58 468 4
87 465 3
9 220 5
260 405 3
166 467 3
87 287 5
94 197 3
175 303 5
122 150 3
92 448 5
12 91 5
64 494 4
193 446 3
66 140 5
92 346 4
312 495 3
86 421 3
434 477 4
62 459 3
51 372 4
78 361 4
101 438 5
124 335 4
251 271 5
208 344 5
76 325 4
372 424 5
127 365 3
428 439 4
82 140 5
206 291 5
163 214 3
367 484 3
136 465 5
7 18 4
67 377 5
174 391 4
118 479 3
324 403 5
194 493 3
109 196 4
25 456 4
130 198 5
428 437 4
163 339 5
73 176 3
249 392 5
185 482 3
370 395 3
167 170 5
180 460 5
228 326 4
13 400 4
336 342 4
241 304 5
5 131 3
130 266 4
130 166 3
126 220 3
172 230 4
292 449 4
139 497 4
27 127 3
145 445 3
160 405 3
189 233 3
93 409 3
34 41 4
233 496 5
170 417 4
15 111 5
23 344 3
68 373 5
141 190 5
227 240 3
1 273 4
287 426 4
113 223 3
74 87 5
202 377 3
35 63 3
287 346 4
43 240 5
161 327 5
73 84 4
194 383 3
5 294 4
323 329 3
397 490 3
218 400 3
27 410 3
221 413 4
152 340 4
442 443 5
90 384 5
225 331 3
158 357 5
3 383 3
337 387 4
277 383 3
2 353 3
301 322 4
112 363 5
8 280 4
163 180 3
260 307 4
190 488 3
180 224 3
103 252 3
84 268 3
408 458 4
91 248 3
260 317 5
33 48 4
125 222 3
259 492 3
93 150 5
324 366 3
31 494 4
378 464 4
101 292 4
229 436 5
158 328 4
171 466 4
387 477 5
304 315 4
116 290 4
141 405 5
10 32 3
253 441 4
246 294 4
321 324 4
209 411 3
79 175 5
293 475 3
417 488 5
106 340 4
255 483 4
15 409 4
37 171 5
38 367 5
16 73 4
139 329 3
10 122 4
191 391 3
149 217 3
336 481 3
151 307 5
208 313 5
260 427 3
128 261 3
113 439 3
369 485 4
237 496 3
195 436 4
57 231 4
229 450 4
438 464 5
95 249 4
46 253 4
179 197 5
416 423 4
232 498 4
281 420 3
54 110 4
276 482 5
154 438 4
23 447 4
123 195 4
77 443 4
273 391 5
192 275 4
7 253 3
310 313 5
369 372 5
308 460 3
142 215 5
119 136 3
425 496 3
57 455 5
361 480 3
207 278 4
308 425 3
93 96 4
48 87 5
266 299 4
23 93 5
81 453 5
94 257 5
201 431 3
77 452 4
69 428 4
73 103 4
255 300 5
13 74 5
33 285 5
22 298 3
297 371 5
113 276 5
27 191 4
144 175 5
101 259 3
252 470 5
49 475 4
35 295 5
338 445 5
14 277 4
442 444 4
224 413 5
180 241 3
23 306 3
376 493 3
328 361 5
97 193 4
51 218 3
109 472 3
98 175 5
8 162 3
123 199 4
45 481 4
169 312 4
63 229 4
141 372 5
90 481 3
412 416 4
20 340 5
416 451 3
69 165 4
294 318 4
273 279 4
59 113 3
86 204 5
25 365 5
399 494 4
7 115 5
230 404 5
373 468 4
174 370 3
14 189 5
103 441 4
333 387 5
78 171 3
151 491 5
298 405 3
441 472 3
72 344 5
328 500 3
291 366 4
154 485 5
8 341 5
24 43 5
75 419 5
17 38 3
179 317 4
119 225 3
2 109 5
179 397 5
117 345 4
246 436 4
410 500 5
391 475 5
108 175 3
104 180 5
177 371 4
349 479 4
44 107 3
4 194 5
95 295 5
186 248 3
125 332 5
182 251 5
371 393 5
7 300 5
224 418 4
70 244 5
365 392 4
30 48 3
135 300 5
73 450 5
399 492 5
76 237 5
3 100 3
23 442 4
42 73 3
191 443 4
38 317 4
208 241 4
109 240 3
153 284 4
34 492 5
35 209 3
93 395 5
401 418 3
156 477 4
454 480 3
360 388 5
201 452 3
153 231 4
77 147 3
222 286 5
375 443 3
43 130 3
218 224 5
29 118 4
283 299 5
10 284 5
397 461 5
177 433 3
113 336 3
140 496 5
71 500 3
297 336 5
104 165 4
254 362 5
48 402 3
85 321 4
125 318 3
303 419 5
133 288 4
161 434 5
137 361 3
35 146 5
174 237 5
36 128 4
240 272 4
222 405 5
66 218 4
76 323 5
237 497 5
76 489 3
57 366 3
204 326 5
86 480 3
15 87 3
128 433 3
31 476 4
382 447 5
226 326 4
116 367 3
158 299 5
126 399 4
270 367 4
223 427 3
8 363 5
440 453 5
211 249 5
4 189 5
161 359 4
101 415 3
168 471 5
107 142 5
58 82 5
247 282 3
111 247 4
211 495 3
75 145 4
8 376 4
5 491 4
32 476 4
87 343 5
70 242 4
160 452 4
423 462 4
168 251 4
278 281 3
10 468 4
114 395 4
142 242 4
380 437 3
199 358 3
76 153 3
85 412 5
227 497 3
118 399 5
123 301 3
126 207 5
424 480 4
60 441 4
124 383 4
34 111 3
273 283 3
9 282 5
1 387 5
287 474 3
319 453 5
246 257 4
242 483 3
124 180 3
272 314 3
232 387 4
107 125 5
47 283 4
269 316 5
59 170 3
200 289 3
96 340 3
231 469 4
194 403 4
88 430 5
22 115 4
120 128 3
238 354 5
28 397 5
35 289 5
23 340 5
251 395 4
275 338 5
59 207 5
248 376 4
214 254 4
50 185 4
112 145 3
24 274 5
46 87 4
394 461 4
391 420 3
9 440 5
347 466 3
430 455 5
54 145 4
92 471 5
84 377 5
182 407 4
284 348 3
213 468 3
45 168 3
193 420 3
125 376 3
46 273 3
10 376 3
83 213 4
63 311 4
117 287 5
222 328 3
63 339 5
116 414 4
367 477 5
266 348 4
93 252 4
228 405 5
3 443 4
390 489 4
269 292 3
188 196 3
62 444 3
94 297 3
348 359 3
156 258 3
39 454 5
339 486 4
258 495 3
228 391 5
22 424 5
35 257 3
81 227 5
151 337 4
228 321 3
285 356 5
289 418 4
283 481 3
135 311 4
85 486 5
24 206 5
29 394 5
90 492 3
147 369 5
349 491 3
94 199 3
239 452 5
138 249 5
90 485 5
74 488 3
22 495 3
23 473 4
82 266 5
157 424 5
16 55 4
259 408 5
290 477 5
292 325 5
24 407 5
13 22 4
150 157 4
146 194 3
27 60 5
248 444 4
325 356 4
46 203 5
43 253 5
194 222 3
60 190 3
33 422 5
23 111 5
143 408 4
260 396 4
217 390 3
371 372 5
318 451 5
147 466 5
126 139 3
246 448 5
45 317 3
25 361 4
86 450 3
133 441 4
315 365 3
59 375 3
128 483 4
349 371 5
162 248 4
94 238 5
5 11 5
126 434 4
141 337 3
149 472 3
254 459 5
238 323 3
266 321 3
142 433 3
284 312 5
383 449 4
86 332 4
227 241 5
194 358 3
237 492 5
315 477 3
7 354 4
130 463 5
37 426 5
158 323 5
176 465 5
146 267 3
4 405 3
44 417 4
61 199 3
125 436 3
70 433 5
190 388 4
262 435 5
311 332 5
47 195 4
226 453 4
433 434 3
107 279 3
197 341 4
269 329 4
441 500 5
219 230 5
69 227 4
37 482 4
147 235 4
168 351 4
24 416 3
12 137 4
77 125 3
23 81 4
94 302 5
318 448 3
139 475 5
287 465 4
80 363 5
28 355 3
47 279 4
188 205 3
184 382 3
311 341 5
88 346 4
184 196 3
19 456 5
135 471 4
281 286 4
448 495 4
377 461 3
188 426 3
111 460 4
256 500 5
355 470 3
118 133 3
343 403 5
199 238 3
40 91 3
294 375 3
213 480 5
239 376 4
87 320 3
151 239 4
430 452 5
34 436 4
285 459 4
31 382 3
170 262 5
94 246 3
151 457 5
16 439 3
141 162 5
302 397 5
315 447 4
258 475 3
33 86 4
216 427 3
77 308 4
231 379 4
173 449 5
1 74 5
110 211 5
11 421 3
130 195 3
56 94 5
93 240 5
85 496 3
15 339 5
108 173 4
13 39 4
170 464 4
173 293 5
105 164 3
8 16 5
269 280 5
145 376 3
181 467 5
307 415 3
381 496 3
66 232 5
49 354 4
220 316 4
321 476 5
27 288 5
173 233 5
299 390 4
111 486 5
168 437 3
389 410 3
186 196 5
303 453 3
154 324 4
58 290 3
283 296 4
14 201 4
5 209 3
232 386 3
188 424 3
123 483 5
262 327 4
46 153 4
106 347 4
85 164 3
210 234 5
130 216 4
38 81 5
81 222 4
94 378 4
327 460 3
253 381 3
43 78 3
144 234 5
216 347 3
34 174 3
10 83 3
390 395 3
241 363 5
218 419 3
246 413 3
122 311 5
124 382 5
309 413 3
181 347 4
24 261 4
177 309 5
304 442 5
61 405 5
106 350 4
87 183 3
8 104 3
222 382 4
254 346 3
16 341 5
232 304 3
307 498 5
96 298 5
59 404 4
11 59 4
286 341 3
21 75 3
44 240 4
7 440 4
78 300 3
128 393 3
97 370 3
202 232 4
357 465 3
150 284 5
119 426 5
206 220 5
73 128 5
109 385 4
21 295 3
63 296 3
56 191 4
6 29 5
17 475 4
367 394 5
152 362 4
141 411 5
130 332 4
93 376 3
202 255 5
188 308 3
63 442 3
233 262 5
142 460 5
403 451 3
129 338 3
229 311 4
43 475 4
398 497 3
103 340 5
201 426 4
130 318 3
58 222 5
8 37 4
144 337 5
83 292 5
317 463 3
42 366 3
201 310 5
253 457 3
30 336 3
161 181 4
85 252 3
253 270 4
15 425 3
220 285 4
221 440 4
56 305 4
210 489 3
36 488 3
240 279 3
13 244 4
425 476 4
311 436 4
138 253 4
67 272 5
100 137 4
21 303 5
184 297 3
151 372 3
114 226 3
55 85 4
36 268 4
201 221 5
133 461 5
87 264 3
183 230 3
263 484 4
249 373 5
146 205 4
296 433 5
22 312 4
210 500 3
60 252 3
223 455 5
460 464 4
63 444 3
67 469 3
11 322 3
104 108 5
256 335 5
131 360 4
14 94 4
313 363 4
182 445 3
198 307 3
175 277 4
166 174 4
268 368 4
170 265 4
447 497 5
389 442 3
131 398 4
316 482 3
314 459 4
22 496 3
126 389 4
261 357 4
246 467 4
119 319 5
303 481 5
126 406 5
79 367 3
308 416 4
141 143 3
45 71 5
110 131 3
95 335 3
232 277 4
24 366 5
239 398 5
47 344 3
59 164 5
4 198 3
32 99 4
201 235 5
185 393 3
73 438 3
244 462 5
345 468 3
186 376 4
267 366 5
224 363 3
5 446 3
246 313 5
59 304 4
288 473 5
208 213 5
22 237 4
128 188 3
222 310 4
134 412 5
271 348 3
185 338 4
220 468 5
23 475 5
266 278 5
216 256 5
378 417 3
25 397 3
432 500 4
275 370 4
166 431 4
107 474 3
471 488 5
176 476 3
124 408 5
4 313 3
231 395 3
195 352 4
213 381 3
115 462 5
213 388 5
158 285 4
96 182 5
265 437 4
173 349 3
166 240 5
6 341 3
4 195 3
101 182 3
73 100 5
273 375 4
130 238 3
66 369 4
129 486 5
98 204 3
327 353 4
112 359 4
14 101 5
225 229 4
208 308 4
303 461 5
189 224 5
103 397 5
138 215 5
85 444 5
97 225 3
108 110 3
187 366 5
17 268 3
116 336 3
130 244 3
4 181 4
119 450 5
204 327 5
211 251 4
51 420 5
79 295 4
50 84 5
236 287 3
162 184 5
220 437 3
96 414 4
245 371 4
97 114 3
15 152 5
54 327 3
352 396 4
268 297 3
218 252 5
100 493 5
38 301 4
13 311 3
197 306 3
66 253 3
1 252 4
56 165 4
311 450 5
242 437 4
39 436 4
367 492 5
258 365 3
57 441 4
191 211 4
380 443 3
65 367 4
151 338 5
57 82 4
46 287 4
129 487 3
69 95 3
31 191 5
28 383 5
156 388 4
384 436 4
68 199 5
140 435 4
81 165 3
266 448 5
245 376 5
340 367 3
34 413 3
452 479 3
182 231 5
290 499 5
158 165 4
262 473 3
2 392 4
13 258 3
313 317 3
81 314 3
5 53 4
14 398 3
184 312 4
208 368 5
236 271 5
197 295 4
3 15 3
188 251 4
187 329 4
51 427 5
32 432 3
82 190 3
28 41 4
218 246 5
99 121 3
4 412 5
221 326 5
262 289 4
303 412 4
141 455 4
261 491 3
161 177 5
315 467 3
250 336 5
239 254 3
31 262 5
341 454 3
127 471 5
97 367 3
273 374 5
129 163 5
157 296 5
209 321 4
205 288 5
140 268 3
64 441 3
260 446 4
106 301 5
287 344 5
209 249 5
149 239 3
76 253 3
146 384 5
173 415 3
155 173 5
42 169 5
300 382 5
159 363 5
7 456 5
248 365 5
291 321 3
82 339 4
109 136 4
269 437 5
38 177 4
24 234 5
109 309 5
172 199 4
302 327 3
39 423 3
9 174 3
7 371 3
273 492 5
32 116 5
210 465 4
274 406 5
354 460 4
73 482 3
19 224 5
182 372 3
336 486 4
295 382 3
155 198 5
321 382 5
204 488 5
432 454 3
226 399 3
42 160 4
108 481 5
33 64 4
217 285 4
25 108 3
287 307 3
306 394 5
295 336 5
53 402 4
77 163 5
281 355 5
107 242 4
10 417 4
111 294 4
209 410 4
392 396 4
205 425 5
323 399 4
127 185 5
59 284 3
443 485 5
411 458 4
423 460 3
1 83 5
445 491 4
193 224 4
132 169 3
217 403 4
94 124 5
256 434 3
4 307 5
112 461 5
226 437 5
175 487 4
124 476 5
123 367 4
457 496 4
176 194 5
117 256 4
308 491 4
237 443 4
122 205 5
276 343 4
84 207 3
1 484 3
49 201 3
136 138 5
95 468 5
209 341 3
55 90 3
221 342 5
57 177 5
2 23 5
304 425 3
321 392 5
29 443 4
157 391 3
82 188 3
61 427 3
158 276 3
81 411 5
109 217 3
184 423 3
54 179 4
373 418 5
134 410 3
29 478 4
67 226 3
56 484 4
238 320 3
53 143 4
350 369 3
86 118 4
8 350 3
250 251 5
154 496 5
35 141 4
125 214 3
97 455 3
443 469 4
51 300 5
57 322 5
9 71 5
165 449 3
103 427 5
32 438 5
243 338 3
82 286 4
84 131 5
126 461 3
295 470 5
52 398 3
221 407 4
98 265 5
69 89 5
195 427 4
232 458 3
213 447 5
173 193 5
52 147 3
253 283 4
6 102 4
80 437 4
76 190 3
18 117 3
172 457 3
167 415 3
68 407 3
196 236 3
161 341 3
70 469 4
60 76 3
277 368 4
232 466 4
94 468 3
130 414 5
5 88 5
12 132 3
178 457 5
450 488 5
291 434 3
186 499 5
35 300 4
150 300 4
112 239 3
342 432 3
205 266 4
108 166 5
148 359 4
34 175 4
120 174 5
216 312 3
128 140 5
32 384 3
74 497 5
419 496 4
171 268 3
400 406 5
163 479 4
89 451 5
55 297 4
231 450 3
42 93 5
307 468 5
28 346 5
142 382 4
206 450 5
20 396 4
30 157 3
237 388 3
83 183 5
88 222 4
19 203 4
410 498 3
53 112 3
150 164 3
56 466 5
266 300 5
127 137 3
409 474 3
260 269 3
35 375 3
123 274 4
140 300 5
18 342 3
244 383 5
208 332 3
95 261 4
37 490 3
351 493 5
94 120 3
71 373 4
73 402 5
179 265 3
136 474 5
260 417 3
168 216 4
108 260 4
175 481 3
22 74 3
136 299 3
260 344 3
28 470 3
226 235 4
218 427 4
65 401 4
38 178 4
186 397 4
234 248 5
48 369 4
34 82 3
287 320 3
43 203 4
426 467 4
371 401 5
313 439 5
147 465 4
413 429 4
350 374 5
208 291 5
291 311 5
267 438 3
349 499 3
414 474 5
95 457 3
80 105 4
312 331 5
173 258 4
93 489 3
17 170 4
3 421 5
142 406 4
444 498 4
181 276 5
135 483 4
31 86 4
130 293 5
275 496 5
158 397 5
8 11 3
310 468 4
279 446 3
6 164 5
171 418 4
278 325 4
135 181 3
67 227 5
289 396 3
160 346 5
152 446 4
194 482 5
177 429 5
219 276 5
129 244 3
64 235 4
265 304 3
4 499 5
27 79 3
31 388 5
264 425 3
91 105 5
336 343 3
103 219 5
328 389 5
117 334 5
296 487 5
16 258 5
225 230 5
62 122 3
290 430 3
204 238 3
88 226 5
167 369 5
2 133 4
22 187 5
356 458 5
76 142 5
6 76 4
46 103 4
62 347 4
150 473 3
54 172 4
237 361 3
46 466 3
148 180 4
136 264 4
200 352 3
358 442 3
148 215 5
95 255 4
111 355 5
85 474 5
4 268 3
237 238 4
294 410 5
457 470 4
9 454 4
77 423 4
251 371 5
84 263 3
6 309 4
27 304 3
154 320 3
165 355 5
267 390 4
419 450 4
163 184 4
83 296 5
121 391 5
134 216 3
216 421 5
62 199 5
85 238 3
100 104 5
106 176 4
53 446 5
185 249 3
1 152 4
182 278 3
140 269 5
419 434 4
196 347 5
141 215 4
65 426 4
274 454 4
33 223 4
226 300 5
250 408 3
118 191 5
112 410 3
381 409 3
88 398 5
162 360 4
432 466 3
61 445 4
157 422 5
184 192 4
306 496 4
73 475 3
339 340 5
136 358 4
344 486 4
237 330 3
256 292 5
32 128 3
58 433 3
348 380 5
208 446 4
468 479 4
27 255 4
178 386 3
96 481 4
146 291 5
324 355 4
101 163 3
402 419 5
229 406 3
167 243 5
17 293 3
215 438 3
174 376 4
95 393 3
16 441 3
302 365 5
202 236 4
88 366 4
298 306 3
214 421 4
185 362 4
404 429 5
31 231 3
364 464 3
356 475 3
372 390 3
63 295 4
2 457 3
124 481 4
62 375 3
78 269 5
356 417 4
71 105 5
307 444 3
97 339 3
235 466 3
179 447 5
107 389 3
46 94 5
115 465 3
359 415 4
374 389 3
327 492 4
173 261 3
33 369 5
48 323 5
115 249 3
195 303 4
261 420 3
163 341 4
189 487 4
204 254 3
85 480 5
108 437 4
157 302 5
169 320 3
139 227 5
167 463 4
316 351 5
193 354 4
159 489 3
127 366 5
75 102 5
158 216 4
57 388 5
65 294 5
218 476 3
126 313 3
246 290 4
386 392 3
30 128 5
152 386 5
200 244 3
46 73 3
254 470 3
260 324 3
32 253 5
159 185 4
236 488 5
389 400 4
107 178 4
43 344 3
41 388 5
426 446 5
53 326 5
260 461 5
227 361 5
24 172 3
257 444 3
84 212 3
11 251 4
19 283 5
50 290 5
36 100 3
422 448 4
168 394 5
219 315 4
285 328 4
23 332 4
84 179 3
258 397 5
6 264 5
115 299 5
90 133 4
39 432 5
149 428 5
41 365 5
406 466 3
331 442 4
63 169 3
150 166 3
396 494 5
81 324 3
35 51 5
82 494 3
246 342 4
265 350 4
38 311 4
325 377 4
243 367 4
190 419 5
286 367 5
338 409 3
44 93 5
374 498 5
286 354 3
6 40 3
212 448 4
95 123 4
55 236 3
322 331 4
312 407 4
152 477 4
110 138 5
329 411 5
126 160 4
464 487 3
117 478 5
284 453 4
234 407 4
200 322 4
234 497 5
265 422 4
386 412 3
364 386 4
283 394 4
156 373 4
161 179 4
85 317 5
321 436 4
11 140 3
256 371 3
140 434 3
60 72 4
59 305 5
54 427 5
225 469 5
117 221 5
6 21 4
75 336 3
43 499 5
312 369 5
13 185 3
83 150 3
274 415 4
180 398 4
218 320 4
7 290 5
371 483 5
5 123 4
284 377 3
45 348 5
130 159 5
72 282 4
447 489 3
72 369 4
9 399 5
97 494 5
45 411 5
409 429 4
249 275 5
391 408 4
81 445 4
378 466 4
60 377 5
239 294 5
200 302 3
54 76 5
92 326 4
128 320 5
197 437 5
55 283 5
110 180 3
125 137 5
135 303 4
44 374 4
165 284 3
151 416 3
90 118 5
226 440 3
223 400 4
80 274 3
137 220 5
139 230 4
13 404 3
308 448 5
152 217 3
326 423 4
3 317 4
401 432 3
146 177 4
348 447 5
128 427 4
34 86 4
251 355 4
351 411 4
178 378 5
31 408 5
316 361 4
87 416 4
63 483 3
129 372 5
227 385 3
333 460 3
126 497 4
47 83 4
46 69 3
276 331 5
68 147 4
60 288 3
310 419 5
209 402 5
267 449 4
216 316 4
274 481 3
118 386 3
289 319 5
73 397 3
31 267 4
449 458 4
354 388 5
148 249 4
146 282 4
217 306 3
204 245 5
454 463 4
149 468 3
108 366 4
202 277 3
133 307 5
13 429 5
180 426 3
152 291 4
120 433 4
415 478 4
249 431 3
12 344 5
51 144 5
33 457 5
467 485 4
185 313 4
22 394 3
25 274 5
249 290 5
68 439 5
277 440 5
91 236 5
63 207 5
1 156 5
210 406 3
193 448 4
143 307 3
133 140 4
227 280 5
78 101 4
59 414 5
18 61 4
60 374 5
12 27 3
275 411 4
66 486 3
173 249 3
184 376 3
37 48 5
129 165 4
127 404 5
86 305 3
147 180 5
276 327 4
100 257 3
171 458 5
303 391 3
43 82 4
68 448 4
449 498 4
358 422 5
60 263 4
79 459 3
229 265 4
14 351 3
96 130 3
1 236 4
295 345 3
93 201 4
11 334 5
124 140 4
114 262 3
193 207 4
27 118 5
89 225 3
115 301 3
129 211 3
102 332 5
57 353 5
178 211 3
236 428 4
94 247 4
338 462 4
424 463 4
137 332 4
134 462 3
141 274 3
135 286 4
266 420 3
272 325 3
237 474 5
308 382 3
209 293 4
125 401 3
107 241 4
150 247 5
49 73 3
228 387 5
380 386 3
302 367 5
45 456 4
265 275 5
25 129 5
318 366 4
356 401 3
230 282 5
58 458 4
8 241 3
80 447 5
263 355 3
103 430 3
304 377 3
94 265 5
357 449 5
30 105 4
65 339 5
236 422 4
272 408 5
307 470 5
100 490 5
2 306 5
106 258 4
226 418 3
86 423 4
387 449 3
18 373 5
254 263 4
62 212 4
330 457 3
58 117 5
44 278 5
49 326 5
228 328 4
10 224 4
158 343 5
202 362 5
467 495 5
60 480 5
329 435 3
35 480 4
173 324 3
205 299 5
335 454 4
408 500 4
293 456 5
209 295 3
22 120 5
7 263 4
156 344 4
219 414 3
36 81 4
163 288 5
137 428 4
63 146 3
131 344 5
4 95 5
65 431 5
20 225 3
29 31 4
30 392 3
27 213 3
379 414 4
94 330 3
77 224 4
272 370 5
112 371 5
224 371 5
5 139 3
296 450 4
85 364 5
89 484 4
159 243 4
420 426 5
25 321 3
364 398 5
19 415 5
297 350 4
104 299 3
76 150 5
100 408 5
194 241 5
253 449 4
199 324 4
62 116 4
18 392 3
37 47 5
247 449 4
485 490 4
203 375 3
1 468 3
107 217 3
187 244 3
166 369 4
481 496 4
51 393 3
141 314 4
155 395 4
208 245 3
105 392 4
121 428 3
58 92 3
61 469 3
415 451 5
150 330 4
42 219 3
39 137 4
7 81 5
69 98 5
229 438 4
261 468 4
160 467 3
213 313 3
52 330 3
107 172 5
134 427 4
372 413 5
49 328 4
228 483 4
94 332 5
105 405 3
242 340 3
298 463 3
388 424 3
360 397 3
15 406 3
213 471 4
180 193 3
270 436 5
13 43 5
121 321 5
199 256 3
202 425 3
111 308 3
113 437 4
318 476 4
72 338 4
12 24 4
244 256 4
92 327 4
21 90 5
132 470 4
91 439 4
359 479 4
126 380 5
98 236 3
185 454 4
235 236 3
231 424 5
174 478 5
21 224 3
147 304 4
230 333 3
263 490 3
131 392 5
263 379 4
310 365 3
296 400 4
2 458 3
138 293 4
319 484 4
20 76 3
51 154 4
262 315 5
67 380 3
253 456 5
375 441 4
480 497 3
142 225 5
292 439 4
460 496 3
55 304 5
9 393 3
54 296 4
95 174 4
33 240 4
200 447 3
56 457 3
272 394 4
340 472 3
194 202 4
236 278 5
179 382 5
41 219 4
193 316 3
188 342 4
115 170 4
150 225 4
12 39 3
285 359 4
289 347 4
434 441 4
148 163 4
269 374 4
100 151 3
150 313 5
90 119 4
103 373 4
196 243 3
198 376 4
21 147 3
42 226 3
191 374 5
129 177 5
41 304 5
195 214 5
119 341 5
138 331 5
433 456 4
243 451 5
17 29 3
12 13 5
312 382 5
211 472 5
9 287 5
38 173 3
7 404 4
220 347 5
137 302 3
232 290 4
258 396 3
197 261 3
207 311 4
37 413 3
60 215 5
68 213 3
208 302 4
298 300 3
50 100 3
163 368 4
6 294 3
397 469 3
32 224 3
415 488 4
29 488 5
44 217 4
21 136 4
201 321 4
26 188 3
158 306 3
260 379 3
63 486 3
198 268 3
310 498 3
219 486 3
130 222 5
178 276 4
37 206 5
86 295 3
142 195 5
111 208 5
13 454 4
181 478 3
208 497 5
232 263 4
229 243 4
417 466 3
207 294 4
7 467 5
109 223 4
203 357 3
117 466 5
408 417 3
175 390 4
8 252 5
150 362 4
63 243 3
175 268 5
392 499 3
284 299 5
379 405 4
208 483 4
210 341 3
314 452 5
396 498 4
149 332 5
317 328 5
229 285 5
151 244 4
392 406 3
142 222 5
223 234 4
389 398 3
76 260 5
164 430 5
210 246 4
22 447 3
109 135 4
173 404 4
254 492 4
50 448 4
177 457 5
2 149 5
363 486 3
124 154 4
57 400 4
417 418 5
169 386 4
100 403 4
225 400 3
60 88 4
360 373 3
57 201 4
79 140 5
171 251 3
329 454 5
304 368 5
389 421 5
43 118 5
399 403 5
334 372 5
1 324 5
156 274 3
102 320 3
37 477 4
109 345 4
47 493 3
107 385 3
277 357 5
8 478 5
119 259 3
39 314 4
299 487 3
167 381 3
47 286 3
101 333 4
137 483 4
192 478 4
22 79 3
135 331 3
271 493 3
238 259 3
337 457 4
172 331 3
117 246 5
8 429 3
19 349 4
167 259 4
72 418 5
135 364 3
86 439 5
207 243 4
435 495 4
125 258 5
426 457 4
115 129 5
36 318 4
49 117 5
36 382 3
58 352 4
54 282 4
184 323 4
288 294 3
16 357 4
48 465 4
175 457 5
20 339 3
390 463 3
343 357 4
181 495 4
253 297 4
128 467 5
154 455 3
263 360 5
245 470 5
41 305 3
140 270 5
81 184 3
303 486 4
100 333 4
356 495 3
438 440 3
370 491 4
98 490 4
309 429 5
141 487 5
336 401 5
54 216 5
175 210 4
27 166 5
177 193 4
353 395 3
272 309 3
279 333 5
343 476 4
131 299 4
140 161 3
166 358 5
93 351 3
344 463 4
161 417 4
352 395 5
38 152 3
308 378 4
66 390 5
82 403 4
237 350 3
241 449 3
273 445 5
79 204 4
101 226 5
162 295 5
3 87 3
104 113 4
65 311 3
272 337 4
424 445 5
405 476 5
43 484 3
140 426 5
98 468 5
279 463 3
52 138 4
34 356 3
207 370 4
262 373 3
4 8 4
10 365 3
127 325 4
214 384 4
162 233 5
18 482 5
360 498 3
114 313 4
233 359 4
467 477 3
22 277 4
187 254 5
118 335 3
38 244 3
30 36 4
222 297 4
114 343 4
359 432 4
88 240 4
41 374 3
66 288 3
73 375 3
20 217 3
259 459 4
161 311 5
103 243 4
150 354 3
23 154 3
9 217 5
179 266 4
98 499 3
206 324 5
161 393 4
357 402 5
47 325 4
37 306 4
49 487 4
156 160 4
108 330 3
168 414 3
187 462 5
11 391 3
257 370 4
133 381 3
285 408 4
58 141 5
236 391 4
87 116 4
181 424 3
266 441 4
83 343 4
46 295 5
127 420 3
210 238 3
27 491 3
53 361 5
182 213 3
145 277 4
342 415 4
66 307 4
17 206 4
15 368 4
222 336 3
241 377 4
110 116 4
9 196 5
197 212 3
382 464 5
344 499 4
374 437 4
280 448 5
31 112 4
76 461 5
232 324 3
192 428 5
101 464 4
203 468 4
137 488 3
96 373 3
51 74 5
164 277 3
7 362 3
315 431 4
263 331 3
41 111 3
222 432 3
28 199 4
143 174 4
142 471 3
124 284 4
159 471 3
38 483 3
387 459 4
368 385 5
367 451 5
287 340 4
52 424 4
20 357 4
247 322 5
272 462 5
92 347 5
93 368 5
288 460 3
95 106 3
299 359 4
89 249 3
381 394 5
150 161 5
113 395 5
36 398 4
85 125 3
299 402 3
50 433 5
221 364 3
486 489 5
88 212 4
155 407 3
175 451 4
135 412 5
193 204 3
79 306 5
228 368 5
221 366 4
431 482 4
267 333 3
169 461 3
283 407 4
112 219 4
147 406 3
78 463 5
222 452 4
54 239 4
321 496 5
48 408 4
63 211 3
20 150 4
7 188 3
133 316 5
143 317 4
124 247 3
97 488 4
95 441 5
244 323 4
453 472 3
155 493 5
2 56 5
78 498 4
214 300 4
51 428 3
187 196 3
295 355 5
411 435 4
161 212 4
62 293 5
29 365 4
370 477 3
120 394 4
51 110 5
107 221 5
252 298 5
182 228 3
302 304 4
198 239 5
283 313 3
181 430 5
165 392 3
218 350 4
32 303 5
254 375 5
36 76 3
147 488 4
87 282 4
77 89 3
62 130 5
262 282 5
70 139 3
30 135 3
149 411 3
23 426 5
316 435 5
365 458 5
323 383 5
158 282 3
222 418 4
389 399 3
1 331 4
72 398 3
127 359 5
92 172 4
77 398 5
120 480 3
314 440 4
173 190 5
101 186 3
154 487 4
291 480 4
393 439 5
193 459 3
32 145 3
142 383 3
2 214 5
62 443 5
38 432 3
117 233 5
49 126 4
81 257 5
282 427 5
293 407 3
422 429 3
126 153 5
26 455 4
415 443 3
6 7 3
191 410 3
244 425 5
309 339 4
95 272 3
78 180 3
219 431 4
80 202 4
10 360 4
90 259 5
306 377 4
174 394 5
275 372 3
171 175 5
367 494 5
85 403 3
148 354 3
214 411 3
204 207 4
352 397 4
78 191 5
119 238 4
33 146 5
21 141 5
114 396 5
326 473 5
79 312 5
315 402 3
189 456 5
145 403 5
39 231 4
54 418 3
138 163 5
375 469 3
73 186 4
235 455 5
85 247 4
115 142 4
442 481 4
56 91 3
14 32 4
316 406 4
129 274 5
55 59 3
208 425 5
63 182 4
38 476 4
284 397 5
51 170 3
115 126 4
132 493 3
110 262 3
69 345 3
400 478 5
148 238 5
23 263 4
69 470 4
87 454 4
106 165 5
259 382 4
101 301 5
338 451 3
18 327 3
305 329 5
108 241 5
150 322 3
307 377 3
149 488 5
8 182 5
176 428 5
186 488 4
257 324 4
31 179 4
319 353 3
410 478 3
153 415 4
113 159 4
234 240 3
51 99 5
99 354 5
255 363 5
115 373 4
206 278 3
320 329 4
25 188 4
222 473 4
60 144 3
58 168 3
23 494 5
249 413 5
296 328 4
413 482 4
148 250 4
54 456 4
2 4 3
237 382 3
248 437 3
115 456 3
75 95 5
72 229 5
144 254 4
72 402 3
61 233 4
66 79 4
191 264 5
4 275 3
201 349 4
339 375 4
61 217 3
272 409 3
29 212 5
143 344 5
412 481 5
34 276 4
333 450 5
461 492 5
127 160 5
249 398 3
5 59 5
192 441 3
248 486 4
17 42 5
96 358 3
256 331 5
33 97 3
374 401 5
130 245 4
295 327 5
179 320 5
97 430 5
103 426 3
127 243 3
63 173 5
126 420 3
175 436 3
29 214 4
42 277 4
368 485 4
298 495 4
123 366 5
289 371 5
98 283 4
226 312 4
210 372 3
38 270 5
90 109 5
67 102 5
67 319 4
102 106 5
87 194 4
201 325 3
14 332 4
190 222 5
385 395 5
219 284 5
159 449 3
97 139 5
67 209 5
32 41 5
114 217 5
1 282 5
57 179 4
60 493 4
302 360 5
308 360 3
54 288 5
78 109 5
408 424 4
344 369 5
282 402 4
45 48 5
171 402 4
398 476 4
311 379 3
127 148 3
333 399 3
96 394 3
89 488 3
13 394 5
17 128 3
404 448 4
39 393 3
110 341 5
149 168 4
15 337 3
205 296 5
261 455 5
439 450 3
198 480 5
391 494 5
227 499 3
235 306 4
356 406 4
95 242 5
90 244 5
55 453 5
363 427 5
241 254 5
256 337 4
305 327 3
83 259 4
253 409 4
169 282 4
246 475 4
300 414 4
131 362 4
239 315 3
46 142 3
228 409 3
88 102 5
240 300 4
199 322 3
4 389 5
38 151 5
129 209 3
218 223 5
133 406 5
182 214 5
186 413 4
53 195 3
133 273 4
267 467 4
79 138 3
93 354 4
262 475 4
30 285 4
161 250 5
195 288 3
96 311 3
82 207 5
261 403 5
89 263 5
184 279 4
342 425 3
46 405 4
55 444 4
1 389 4
114 428 4
184 369 4
2 342 4
269 438 4
273 285 3
222 247 3
21 82 5
322 421 5
84 129 4
222 486 5
118 259 4
349 361 5
200 208 3
443 447 4
66 249 5
248 456 3
73 117 3
49 228 4
137 230 5
101 180 4
212 318 3
6 460 4
344 491 5
169 338 5
176 427 3
128 273 4
173 186 4
49 151 5
21 459 3
299 499 3
203 324 4
337 451 3
67 291 4
296 353 3
310 442 3
28 142 3
222 404 4
257 361 3
19 104 5
137 175 3
94 376 5
145 306 5
472 499 4
182 394 3
218 247 4
371 493 5
10 362 5
39 240 3
231 443 3
304 443 4
330 432 5
241 287 3
313 446 4
42 186 4
11 344 3
179 334 5
95 435 3
32 278 5
219 497 4
321 403 3
433 436 3
199 292 4
176 371 3
245 254 3
147 220 4
185 422 3
118 208 4
112 131 5
226 254 3
214 269 5
373 398 3
161 197 5
93 398 4
61 415 5
157 267 3
145 295 3
89 294 4
73 283 5
62 218 5
477 479 4
265 474 5
268 367 5
55 161 3
97 128 4
196 416 3
340 459 3
274 319 3
199 250 4
158 468 3
200 214 3
415 455 5
99 339 3
479 493 3
12 15 3
246 289 5
214 362 5
98 417 4
170 237 3
113 205 5
9 35 5
167 220 5
110 416 5
387 405 3
24 26 5
134 372 3
38 477 4
167 208 4
150 495 5
76 395 5
285 444 4
38 370 3
13 134 5
425 455 5
286 350 3
114 332 5
220 472 5
98 447 3
196 201 3
158 338 4
52 324 4
34 100 3
57 159 3
75 390 3
404 470 3
47 242 4
23 397 4
30 466 3
41 249 4
18 34 3
30 415 3
76 303 5
10 43 4
311 396 3
215 303 4
68 443 4
43 132 5
58 342 5
65 485 3
227 265 3
191 421 5
19 142 3
280 290 5
101 414 5
20 440 5
25 334 5
380 475 5
15 483 4
229 455 4
206 339 5
60 253 4
2 284 4
287 469 3
24 133 5
184 393 4
430 445 3
295 299 3
225 320 4
122 241 5
245 357 5
159 332 3
165 230 3
27 179 3
352 365 4
219 232 5
315 422 5
9 66 5
35 394 5
142 461 5
3 63 5
92 252 5
90 308 5
163 382 5
77 120 5
222 225 4
11 280 3
54 102 4
206 353 4
199 425 4
237 380 3
10 29 3
85 205 3
1 66 4
122 385 5
166 299 4
127 290 5
155 412 5
228 402 5
399 465 5
18 338 5
74 134 5
94 341 4
300 357 3
329 491 3
1 238 3
319 445 4
130 345 5
309 469 5
320 413 4
315 438 4
114 146 5
72 208 4
194 414 5
63 138 3
132 148 3
195 207 5
61 103 3
130 239 5
137 240 5
26 289 3
132 323 4
265 433 4
87 398 4
262 350 4
15 127 3
253 399 4
237 447 3
51 78 3
9 139 3
162 431 5
11 152 5
214 371 4
77 289 4
101 358 3
241 360 5
161 180 4
53 255 4
330 350 3
13 315 3
270 420 5
44 277 5
205 259 4
238 458 4
48 472 5
389 466 4
90 455 4
64 110 3
266 320 5
279 490 4
240 278 3
199 201 4
17 354 4
278 443 3
323 427 5
65 116 5
109 341 3
39 329 5
225 332 3
197 368 5
231 373 3
89 90 5
196 351 5
72 166 4
76 139 3
9 419 4
349 391 4
29 51 4
140 146 3
371 437 5
13 40 4
185 218 4
34 169 5
43 435 5
61 108 3
478 497 4
89 96 3
246 430 5
312 473 5
290 495 4
156 431 5
68 79 3
20 443 3
196 336 4
208 363 4
19 274 5
258 285 4
16 436 5
61 480 5
222 379 3
199 419 3
452 489 4
175 203 5
48 351 4
112 191 4
392 494 5
3 171 5
130 224 5
140 266 5
260 402 4
118 404 3
10 381 4
120 429 5
120 458 3
166 262 4
110 289 4
6 17 3
82 491 4
335 369 4
81 106 5
48 93 5
95 164 5
9 313 4
7 70 5
226 402 3
247 430 5
131 151 4
56 249 3
156 365 4
122 148 5
148 181 3
147 218 5
10 469 4
86 278 3
142 415 4
150 177 3
222 399 3
259 312 5
167 329 5
195 239 4
98 418 4
381 444 4
335 478 3
159 241 3
457 490 3
136 433 4
81 121 5
21 31 5
346 476 5
92 311 5
317 326 5
8 346 5
6 104 5
295 411 3
226 367 5
288 422 4
190 362 4
266 334 3
11 383 4
116 369 4
81 413 5
224 412 5
207 228 4
142 379 4
16 151 3
23 247 4
3 327 5
220 495 4
414 418 4
343 450 5
47 267 5
119 261 3
335 448 3
50 87 4
232 423 4
315 327 5
51 54 4
8 107 4
122 253 4
24 465 5
119 183 3
49 266 5
372 439 4
323 348 4
145 173 3
183 477 5
267 403 5
22 484 3
400 462 4
84 389 5
479 482 5
95 112 4
316 329 5
255 380 3
10 322 5
252 261 4
257 405 4
67 470 4
75 242 3
32 488 4
257 286 3
81 469 5
270 356 3
67 128 5
156 229 5
170 480 4
70 481 3
240 264 3
326 468 3
272 397 3
78 448 3
105 139 3
107 149 3
175 483 4
293 410 3
38 303 5
334 433 3
177 252 3
95 412 3
199 323 3
127 184 4
239 292 3
230 367 4
205 470 4
457 468 5
65 323 5
320 415 3
247 256 4
307 315 5
211 224 4
5 60 4
35 307 4
197 466 3
70 320 3
110 252 5
12 108 5
175 399 3
78 137 5
192 475 4
179 481 3
57 445 4
240 343 3
89 268 4
38 353 3
241 403 5
34 475 5
175 292 4
322 369 4
313 339 5
160 322 3
353 500 4
46 151 5
110 489 3
154 378 3
51 482 3
115 308 4
299 413 4
127 355 3
382 423 3
395 437 4
356 481 3
21 328 4
381 445 5
149 204 4
395 446 3
35 118 3
244 325 5
45 242 3
292 463 3
315 366 5
249 455 4
77 100 4
157 261 3
53 359 3
26 66 3
170 239 3
317 403 5
246 465 3
25 151 3
110 296 4
458 477 3
1 23 4
89 381 5
130 182 3
132 252 3
176 416 3
397 457 5
32 168 3
299 495 5
60 210 3
76 478 5
43 141 3
72 77 3
158 167 4
290 397 4
6 265 5
31 488 3
231 467 3
315 446 3
142 194 3
108 344 4
353 420 5
301 392 3
185 202 5
92 262 4
252 344 5
95 209 4
124 410 4
233 317 4
127 255 4
48 496 5
33 315 4
1 351 5
39 399 3
1 13 4
123 389 3
116 221 3
219 444 5
44 149 5
296 322 5
39 146 4
219 280 5
17 129 4
103 297 3
10 20 3
110 337 4
55 363 5
20 54 4
436 497 5
46 478 3
59 139 4
6 73 4
298 459 3
231 400 3
98 463 4
66 247 4
104 393 5
94 403 5
102 177 4
429 486 4
57 135 5
143 399 3
244 435 3
101 324 4
122 450 5
304 387 3
255 393 3
241 297 3
203 408 4
157 413 4
152 397 3
35 241 3
31 430 4
138 353 5
121 225 4
137 245 3
388 463 3
109 155 3
239 436 5
360 476 3
191 389 5
245 465 5
227 302 5
197 391 4
352 402 5
93 335 3
383 417 5
115 415 4
179 298 5
94 365 5
120 318 3
12 25 4
207 329 5
131 241 3
422 445 3
47 166 3
278 300 5
231 319 3
22 475 4
178 268 5
136 312 5
31 342 5
152 463 3
76 231 3
113 210 4
178 191 3
150 326 4
50 187 5
235 293 5
11 38 5
268 313 3
245 301 3
136 470 5
320 340 5
58 80 4
67 450 5
63 268 3
119 422 5
447 479 5
132 343 4
69 373 5
16 149 3
415 474 3
42 408 5
42 397 4
174 200 3
60 198 3
261 454 5
257 483 3
233 298 4
162 356 4
53 400 5
74 256 3
57 111 3
324 401 3
37 370 4
104 474 4
52 298 4
44 394 4
159 194 3
91 117 4
105 132 4
24 138 4
299 371 3
285 480 5
136 423 4
294 495 4
460 469 3
22 75 4
51 184 4
189 476 4
346 367 4
218 280 5
130 276 3
76 359 5
52 338 4
103 466 5
82 83 3
175 264 5
218 489 3
320 350 4
296 430 3
339 440 3
114 154 5
417 492 4
303 323 3
163 191 5
209 378 5
168 237 3
5 42 3
223 226 4
77 419 3
310 438 4
10 155 5
373 403 4
23 254 3
40 45 4
119 296 3
224 279 3
173 315 4
133 339 4
381 435 3
152 313 3
118 222 3
143 195 4
144 392 5
180 312 4
69 309 4
107 388 5
207 494 4
268 383 5
216 459 3
60 479 5
187 216 5
300 368 4
68 160 3
129 358 4
264 311 4
277 339 4
208 333 3
187 368 4
26 345 3
25 100 4
89 290 4
314 317 4
225 240 3
59 453 4
155 379 3
79 125 3
31 162 4
140 207 4
417 441 4
100 230 4
355 391 4
274 310 5
460 473 4
253 319 3
56 483 3
149 192 3
72 197 5
309 414 5
78 129 5
23 50 5
170 220 4
101 113 5
278 360 4
46 406 3
13 119 4
158 412 4
179 448 5
41 324 3
181 226 4
450 469 5
28 441 5
270 302 4
127 425 5
301 391 4
287 424 5
445 498 5
87 411 5
304 480 5
107 244 3
193 326 4
185 495 4
197 325 4
323 491 4
33 101 5
425 434 5
126 278 5
25 459 4
192 485 3
153 334 4
409 472 3
77 322 3
142 307 4
421 424 4
39 342 5
60 138 3
151 197 5
173 270 3
160 486 5
201 311 4
269 449 4
38 232 4
70 460 4
62 355 5
226 431 5
32 409 5
87 497 4
12 262 3
56 78 4
138 373 3
162 192 3
144 252 5
181 270 4
111 153 5
87 439 5
116 378 3
153 235 5
228 235 3
249 278 3
80 406 5
22 295 5
6 109 5
248 488 4
93 340 3
205 445 3
215 392 3
208 265 5
57 294 3
112 475 3
235 380 5
45 331 4
54 137 5
257 491 4
242 461 4
269 435 3
213 379 3
226 307 5
75 269 5
88 399 3
38 248 4
125 488 5
97 185 3
291 389 3
233 296 4
48 121 5
14 293 3
426 476 5
19 352 5
229 498 4
52 190 3
219 337 3
9 388 4
222 497 4
16 184 3
6 10 3
254 331 3
18 266 5
47 54 5
316 395 3
347 408 4
125 202 4
205 391 3
2 171 5
35 288 3
209 393 4
149 466 5
195 217 4
123 229 3
157 464 5
66 105 5
304 383 5
356 497 3
134 399 3
95 317 4
287 387 4
72 368 4
105 290 3
125 182 3
198 394 5
90 276 5
107 414 4
376 473 4
88 393 4
42 76 4
234 359 4
206 392 5
203 287 3
89 329 3
259 364 3
305 361 4
86 129 4
264 267 5
171 306 3
333 443 5
288 403 4
324 334 4
115 209 3
401 497 5
254 407 3
243 337 4
238 448 5
27 224 5
100 295 4
47 498 4
385 491 4
81 250 5
76 194 3
380 424 5
89 91 3
341 360 5
407 493 3
23 325 3
210 458 4
113 372 3
111 132 3
213 231 3
113 217 3
432 481 3
179 479 4
70 445 5
49 317 3
125 346 5
31 193 3
159 477 4
330 444 4
24 163 3
209 348 4
71 170 4
474 486 3
287 389 3
366 408 4
15 71 5
178 425 4
159 220 4
143 375 5
82 486 5
328 424 5
139 231 3
114 176 5
387 441 5
79 155 3
258 266 4
75 138 5
382 413 5
57 152 3
72 414 5
156 268 3
420 450 3
33 51 5
229 423 3
324 357 4
164 312 4
110 317 5
487 499 4
211 453 5
29 159 4
183 460 3
178 192 4
389 452 5
100 281 4
431 447 3
15 172 5
44 270 4
202 242 4
120 196 5
286 394 4
42 141 4
48 179 3
83 427 5
85 143 5
431 454 3
333 436 4
174 420 4
234 250 5
89 100 5
24 158 4
384 430 4
23 498 3
81 245 5
267 477 3
346 426 5
328 481 4
267 284 5
154 452 4
315 500 5
25 494 4
258 426 3
208 280 5
337 338 3
18 489 4
147 492 3
116 177 3
374 494 4
252 279 3
167 222 3
71 236 3
15 21 3
129 230 3
108 467 3
62 228 4
66 387 3
253 353 5
9 70 4
37 45 5
16 440 3
132 417 3
250 413 3
350 465 3
435 438 5
253 489 5
264 369 3
346 477 3
91 242 3
368 443 5
169 367 4
18 381 5
126 453 3
41 199 5
129 329 5
22 206 3
145 315 3
216 284 5
364 406 4
169 316 5
37 386 4
5 118 3
203 315 3
277 319 5
254 292 4
137 337 5
315 499 3
165 480 3
318 469 5
318 396 5
331 499 5
298 402 4
9 111 4
353 475 3
307 434 3
6 124 5
125 183 5
112 253 4
97 442 3
24 170 3
6 82 5
12 82 5
91 113 4
103 449 3
23 35 5
208 305 3
112 452 3
280 478 5
33 44 4
39 285 4
416 488 4
90 214 5
35 38 5
225 435 5
90 196 3
20 390 4
238 470 4
108 183 3
179 351 4
363 495 3
310 380 3
90 336 4
298 365 3
93 324 5
35 86 5
264 394 5
424 469 3
92 362 3
228 456 3
82 173 5
15 231 4
6 290 3
26 348 4
28 46 5
213 256 4
196 469 5
227 394 5
72 361 5
79 259 3
67 464 3
275 451 3
111 331 3
55 278 5
43 300 3
293 454 4
170 486 4
246 457 4
215 471 4
260 447 3
203 484 4
185 358 5
183 200 3
177 196 3
23 429 5
78 79 3
142 395 3
118 202 3
148 331 4
62 127 3
138 347 4
301 339 5
329 412 4
202 386 5
184 236 3
4 5 3
1 68 5
28 234 4
113 351 3
65 98 4
214 321 3
56 454 4
4 209 4
316 321 5
426 436 5
344 474 5
44 244 3
164 336 4
13 378 3
148 353 3
156 318 4
57 136 3
350 471 3
233 362 3
95 276 4
146 434 5
253 258 4
188 279 4
63 78 3
29 255 5
163 418 4
456 462 4
167 458 5
354 477 5
10 488 4
