198 954 0
9 138 998603
60 100 107135
8 63 498470
64 164 881131
40 44 710729
14 30 756624
60 62 699591
93 169 543863
23 29 672350
80 188 570586
91 145 441272
97 111 934828
91 197 518754
41 83 925700
23 148 483204
26 54 242993
126 175 336672
44 173 482403
18 63 187073
93 161 555190
63 170 970740
9 144 871055
51 66 862217
46 86 560519
3 34 458868
88 156 549559
152 168 589653
88 111 942085
70 79 423473
27 95 303908
83 98 571213
132 171 709222
20 59 516622
134 173 491107
40 65 617138
19 65 931345
97 149 714766
66 82 539282
43 180 494036
1 140 344828
67 126 623065
11 47 345122
74 136 705452
54 189 939431
43 191 671820
111 146 306393
39 76 947710
138 187 706989
16 81 720498
26 108 544312
8 153 144873
5 179 261225
15 67 118985
3 58 506335
8 82 646631
99 152 299560
16 122 166912
22 55 977454
69 109 377027
2 20 685917
58 170 850101
2 167 961095
42 55 486507
17 198 608726
18 144 477893
110 165 515371
93 98 989038
96 115 776925
33 167 779872
88 193 291277
56 97 279040
63 106 428095
19 61 860185
63 151 732807
142 196 239472
25 128 906140
21 170 466509
38 55 140360
79 165 686982
16 143 884733
16 129 227532
3 20 187919
13 153 521049
78 110 590045
120 164 609576
92 159 702788
31 116 839123
46 168 461469
186 193 548978
19 124 676456
11 13 319717
126 155 885636
4 63 175182
47 54 153512
46 92 838929
87 165 314164
109 137 250534
11 64 927165
60 117 740120
12 95 254277
48 196 899001
106 152 613870
25 101 617350
59 75 371204
60 118 692691
100 185 371436
41 71 549697
69 91 779131
21 152 414319
85 144 518837
85 193 245530
59 159 742028
90 187 166537
115 196 291305
66 96 927408
94 106 692976
30 114 924778
145 181 932948
151 190 464929
21 32 641372
10 111 514218
183 188 455596
82 86 884608
184 190 539851
49 66 860823
41 58 417082
145 169 210776
45 61 508604
29 85 948255
76 195 442602
38 60 668367
100 184 953420
73 80 315680
76 150 500160
27 156 939482
57 67 407009
121 195 892399
107 180 854972
80 172 162177
46 51 224106
6 43 519779
68 107 730234
32 35 235901
46 48 754112
64 153 252866
24 64 814456
102 175 299050
72 81 808448
47 102 876572
13 26 798528
88 163 182130
12 65 792414
3 7 436083
17 90 783957
41 121 226739
91 164 263998
15 36 670334
62 197 301527
79 135 142033
51 183 750733
11 65 558300
23 114 580065
81 183 820940
159 175 659084
94 141 346483
62 137 670213
15 62 786450
48 192 419980
101 186 254607
88 145 646502
57 180 798831
133 164 558560
137 148 704435
16 88 956518
18 107 999607
10 158 249964
40 110 499564
95 132 317033
132 181 869071
88 174 397124
55 195 345157
47 108 990585
101 136 501809
68 69 988479
17 121 489564
23 39 595555
42 158 744223
21 121 561067
25 160 246817
80 192 635119
146 192 495303
159 160 652198
76 171 347282
66 144 740818
52 192 962948
12 198 304243
26 81 193004
29 134 445306
15 142 896642
38 167 715818
91 146 936630
30 96 602989
75 197 540736
8 31 464863
27 132 824307
2 3 852009
26 130 436472
162 198 453102
56 107 239674
10 50 133871
32 93 135686
50 129 775104
47 87 538318
50 107 140296
64 75 943933
93 123 509471
64 122 405615
94 180 997056
5 102 632755
66 83 551127
141 153 515876
70 147 605484
80 185 645936
89 127 450772
69 78 811937
28 145 880793
43 111 217273
9 79 822189
19 26 248184
135 139 451057
22 54 376233
10 81 219255
50 189 289086
37 197 818923
130 176 673290
37 47 231076
26 69 949445
25 189 475991
14 180 708180
6 11 561770
42 171 283684
59 151 604883
103 159 832101
153 161 550458
49 137 175841
16 41 769624
14 154 218689
4 171 257056
7 31 442140
44 164 396411
132 195 211198
4 52 966295
65 70 677844
102 172 960259
83 116 101954
21 33 941753
54 186 479906
113 154 159579
56 103 851439
184 194 746884
71 154 811880
80 177 414000
28 178 451533
19 20 396722
58 173 709264
25 76 226634
103 115 317401
7 58 414491
25 145 875864
34 122 437290
163 194 809828
89 158 129613
71 72 452056
5 33 412657
2 124 881333
22 162 641047
69 136 607759
21 132 144658
18 142 437682
10 141 350185
47 86 335569
19 21 479654
130 138 449428
65 172 512784
72 122 417897
48 85 335763
15 17 883057
73 144 156249
13 134 947394
172 180 217319
84 145 116549
85 167 925492
4 5 810147
13 139 975565
45 104 599993
111 129 679318
5 20 133266
65 124 104100
97 151 978091
53 83 664046
125 183 726641
111 118 955620
55 128 731788
34 83 708640
63 165 529261
44 83 309696
31 65 950696
141 197 125565
11 142 521635
5 158 973890
38 186 904262
19 88 303436
164 197 102992
27 87 832673
15 53 632724
131 135 873551
71 103 670735
84 162 329218
50 59 479064
104 124 125994
51 121 930509
16 170 758400
6 134 239811
8 92 824056
38 46 362619
118 166 516949
135 182 841378
82 111 242718
86 99 797428
70 109 859601
145 160 847726
3 89 683992
56 152 631850
155 161 953302
73 132 550222
41 53 120890
170 172 292144
54 153 211837
7 8 485255
24 83 327681
25 32 550259
43 157 868786
3 23 666446
5 192 628309
164 198 165470
97 174 645885
84 186 505571
133 163 895886
97 194 692120
2 90 279027
13 60 593806
148 157 859054
33 38 144963
1 178 390580
144 190 411621
49 68 397547
98 155 964828
22 94 283314
85 95 786706
50 109 621407
62 80 581969
28 66 156642
38 91 343837
1 88 475464
13 15 555571
69 124 497111
136 148 165731
105 159 588831
65 99 886490
162 167 296046
5 30 635429
67 174 690272
123 172 685124
54 148 704734
22 44 697765
112 177 838760
5 177 734176
1 25 417394
90 118 460329
102 182 573607
80 159 275110
12 29 868443
111 132 372174
38 102 415269
17 64 249261
64 133 621600
52 92 749879
69 123 421208
63 83 270060
3 168 475684
109 165 991772
115 187 930524
106 137 484808
10 109 266405
17 24 216894
142 179 877680
32 77 947818
69 195 432033
43 135 798451
128 154 616442
100 157 470423
176 195 707007
46 81 891487
83 94 698114
7 190 694278
88 94 640871
141 164 796562
86 183 156375
98 196 903841
56 183 646262
56 128 414330
13 108 772003
140 189 966405
103 191 145697
5 9 114358
95 196 343328
4 21 675022
15 102 398509
23 94 717099
77 92 291834
52 91 202249
9 15 199585
8 105 523418
79 109 504775
13 54 868805
181 198 753051
81 185 968784
19 103 610700
41 92 219423
129 164 712783
22 37 733053
14 107 277981
85 147 857783
3 52 948037
5 135 983748
81 170 839783
60 113 879225
79 100 624277
105 137 348960
42 160 157903
14 133 638878
46 155 144900
48 75 270258
151 188 356241
10 35 911879
103 180 123187
26 133 574989
46 63 541546
47 77 218692
100 115 224726
76 149 902029
86 143 164904
70 81 977263
11 123 507854
51 192 279748
54 172 368507
2 14 542189
38 150 357815
126 147 658967
4 198 733508
26 127 718294
49 123 591169
13 143 626721
45 52 769228
41 146 981806
65 196 672217
108 198 618984
153 191 963757
131 139 303546
91 193 583903
81 179 824279
161 175 819907
27 74 456008
19 22 556504
5 31 594791
13 32 216232
79 126 768465
16 73 911245
70 173 475625
51 97 382549
14 29 105896
35 64 583527
41 118 787167
16 148 445622
130 163 134621
45 72 319816
50 53 935079
23 43 646370
16 37 744077
76 169 785489
8 17 935420
1 27 189731
46 113 561775
88 185 435802
37 173 724233
62 67 825139
82 115 664867
52 97 873974
37 174 812220
58 84 652506
57 170 216889
180 181 216295
49 139 176814
63 126 651897
39 48 894147
26 142 314804
76 174 107086
29 128 133779
162 180 684521
39 117 507728
38 62 286851
112 160 852311
110 173 256051
129 180 710471
55 189 980732
108 163 898302
13 23 303011
18 149 565551
21 130 525632
67 86 677473
32 79 997088
41 57 435549
37 184 894335
4 191 365399
27 45 882876
74 127 211960
161 180 599551
9 119 635543
64 102 532371
85 125 556163
109 175 375565
69 198 877617
52 184 619069
73 126 354350
4 6 999927
4 11 218161
37 104 653491
28 36 700648
18 41 400723
116 154 854506
5 83 389198
48 153 254772
26 91 606798
59 111 211322
65 86 703801
145 188 720376
49 69 390296
148 191 538588
34 159 721236
45 50 979184
75 178 614532
144 153 314174
16 58 985696
95 105 667042
37 164 764719
46 47 149768
121 171 799308
55 130 135966
152 185 515331
17 18 895283
82 164 272689
40 182 158401
74 175 385828
78 169 320576
155 181 712661
116 187 533397
46 67 474976
158 164 873321
72 86 172717
118 129 531957
95 102 376698
129 192 473578
44 86 514895
69 178 915032
82 120 568052
18 61 776529
71 151 393774
104 111 253981
127 151 663005
158 174 767690
32 104 777295
15 25 564970
5 137 677980
52 173 658404
33 164 420190
25 97 909577
127 135 741686
21 82 652101
106 161 868219
58 165 287753
111 154 683684
119 129 528863
145 194 845476
86 90 360197
7 153 105278
110 191 984923
80 91 406294
52 149 111857
73 94 238785
15 188 231271
90 151 640258
6 37 698075
14 35 929643
103 120 587444
89 92 925208
85 188 919667
156 198 611041
100 191 410930
26 177 254871
122 145 574268
42 163 847555
7 138 607516
96 182 649920
75 166 682838
16 79 954958
39 142 656290
81 128 697274
70 71 767703
81 162 659739
169 196 652910
58 124 196938
150 152 894586
114 194 987301
7 131 641176
89 160 927359
98 136 347406
65 178 973555
4 162 577402
71 171 389737
124 151 946419
58 196 160131
11 22 371528
56 157 620772
58 138 274744
49 90 602100
35 82 236719
27 131 184556
4 13 460501
98 180 776365
16 112 178853
171 173 893811
10 192 279519
122 168 921891
42 155 125938
8 91 868822
6 39 452974
15 198 287342
158 193 150695
163 190 356051
78 122 876032
24 110 492462
29 93 217797
30 123 400808
101 192 620801
116 155 932272
121 127 789570
120 127 762734
153 178 459954
40 144 373967
115 184 888822
26 94 736211
35 138 424144
101 157 837089
111 119 371931
2 195 731341
4 12 961245
44 140 350079
136 146 194924
11 132 953179
116 117 904757
4 124 594520
19 162 142591
16 25 367835
128 164 757729
34 189 468224
35 63 598021
11 89 855239
60 164 676220
1 2 836206
70 169 213316
95 111 752384
37 165 787369
2 29 305794
19 75 824136
163 197 893068
18 121 529858
60 115 835509
94 96 159057
60 143 330293
96 106 912264
108 149 592767
139 153 122848
73 196 379942
11 40 562589
91 169 233977
37 179 450331
60 119 912178
3 27 285104
55 179 852359
14 175 541307
41 176 517164
69 173 897102
30 91 713849
6 59 180916
2 106 875119
28 158 174983
77 131 599949
74 130 781930
86 161 503479
112 183 616426
14 49 767974
64 166 583200
15 137 966599
63 192 984675
153 172 382146
40 150 340731
45 96 699967
121 177 224075
87 179 516928
5 183 244063
43 55 273566
165 198 643739
127 138 799021
2 122 170153
25 165 109436
136 182 346153
18 71 861360
4 104 387856
62 184 185464
111 184 850796
26 124 387921
39 80 391098
71 78 181417
62 117 688736
40 156 681828
109 179 430539
87 185 587500
127 188 224056
51 111 878301
129 165 691053
110 114 960503
88 123 503463
62 155 354223
87 90 845528
19 146 232436
38 105 637173
12 13 983229
3 139 690460
57 88 178934
78 108 189922
144 174 646253
10 15 326002
5 185 965987
50 145 820956
79 132 242007
1 17 917063
66 147 649195
31 106 216424
8 136 893212
165 196 225754
149 179 941632
17 38 340363
114 118 778480
195 197 958044
10 70 806822
13 37 553080
69 71 505047
54 138 190076
72 142 926794
16 177 694273
161 174 482217
59 161 681716
12 56 188884
55 135 960893
12 118 837807
58 160 657693
54 79 635962
5 37 836564
54 135 415132
135 149 797166
11 15 263121
105 178 689351
29 100 758737
99 113 291916
20 41 143874
72 113 369282
121 176 762655
122 157 912108
122 174 494585
80 121 369431
8 90 592723
22 98 592307
82 184 546117
51 77 300989
77 162 691007
155 193 702009
44 102 848440
75 188 701963
67 160 478995
41 131 389371
1 4 984122
106 196 664116
43 183 374880
55 181 331950
32 74 250524
36 127 304587
92 175 196533
60 65 539314
20 180 655826
9 19 914879
81 109 121906
55 175 645382
58 183 997476
35 145 644016
95 191 292816
9 80 430654
67 162 283873
63 191 938932
65 154 275932
136 147 839076
43 64 210977
74 128 359716
148 153 615159
5 39 950502
21 184 334282
66 150 567898
100 154 477679
63 99 881607
11 116 477113
32 111 200299
98 112 404008
8 103 301724
68 111 288390
154 182 568929
119 177 459198
78 120 101548
110 113 322932
137 182 979436
38 140 492520
34 163 823736
19 78 233851
89 149 200661
75 99 479316
56 171 746737
20 108 344765
117 120 860777
18 189 107695
77 153 154892
75 175 262733
11 126 750898
30 66 338378
22 113 273100
68 110 865438
1 184 866238
90 103 220341
35 42 732008
67 98 368904
129 133 803681
8 35 403948
107 191 868312
112 150 580256
8 10 938017
9 10 150918
69 138 778394
20 28 642854
106 177 405331
9 84 776861
28 48 161669
11 16 577677
57 73 513053
50 167 408149
57 148 477532
44 157 626943
2 13 610969
114 192 873493
1 40 599719
18 134 482515
88 162 669565
32 118 591146
101 171 945569
67 89 880178
21 116 737343
96 175 542846
121 160 119854
83 152 253334
49 159 621680
32 121 530233
7 136 322928
64 74 223661
23 56 323331
28 94 317857
108 177 216373
51 98 270018
16 104 262125
22 171 588036
36 57 880258
25 44 536302
176 190 931285
110 139 653492
77 180 786261
6 95 852024
177 196 501622
79 81 722266
21 100 640903
15 110 388867
109 126 606696
61 149 873230
29 118 150426
52 170 648717
39 167 975621
117 140 984823
101 120 418361
13 128 404222
150 194 617656
14 32 147309
61 74 975795
12 77 726100
29 173 904174
71 110 539332
56 105 859805
128 170 469014
64 148 942219
98 147 967713
103 125 502755
96 138 709151
80 86 790186
6 169 307253
20 144 102175
170 173 493873
43 82 412583
42 159 218678
115 197 869863
53 114 781227
2 71 769381
36 193 290166
107 171 277803
7 62 232729
46 149 107255
70 198 120700
29 38 878243
39 171 424222
144 163 727852
63 80 863073
9 102 921711
16 87 890540
28 138 539862
27 99 118323
99 127 466730
72 117 270999
16 26 641940
85 120 881127
98 175 948290
99 146 558471
16 198 670525
