40 98 1000
5 17 42768
1 3 86249
5 35 42815
1 40 61547
29 39 21656
29 30 61862
4 23 23430
13 23 10022
23 31 92226
25 27 87130
22 37 97077
6 34 18060
10 21 32702
12 24 86542
5 33 95177
35 40 59298
6 11 98591
1 25 65836
11 36 84146
10 12 98250
31 40 84522
19 33 47099
33 40 80532
13 25 21959
11 26 59150
22 34 66086
10 16 20243
1 2 90166
9 11 42366
5 28 65314
3 7 76115
16 21 42810
8 26 63950
29 37 57424
34 35 58703
3 33 74305
14 18 14374
4 15 72843
1 21 28788
1 4 62525
20 39 41614
2 9 57841
4 14 79586
2 13 83224
6 36 38232
25 26 77770
14 37 57405
1 17 19089
33 36 77646
10 39 19896
13 20 45155
12 40 57681
1 24 45346
24 30 89417
5 22 94758
17 21 98127
13 32 23148
10 19 52453
20 33 90742
4 5 20621
1 10 87711
2 31 49125
9 23 22206
23 35 10448
2 6 83983
29 33 76511
33 34 44955
18 31 33850
3 36 23998
13 29 94182
9 16 42907
24 39 54261
8 18 67128
19 24 20735
33 38 28323
6 7 77084
33 37 59855
23 38 83211
30 34 24833
4 8 39771
16 18 21198
11 27 59240
17 38 81291
19 20 98639
30 39 12820
12 13 35075
15 24 96796
18 20 73407
27 30 88792
7 14 87363
15 35 93364
2 33 69392
5 8 47771
4 13 74678
15 27 17973
21 33 18881
11 24 95861
35 38 91457
