498 7968 94
137 172 33
353 379 20
14 258 48
320 460 45
285 288 83
68 444 29
152 264 51
115 401 35
111 248 43
255 392 18
369 432 26
45 389 84
88 467 28
268 459 85
372 462 9
138 183 55
181 296 9
50 406 82
305 446 81
296 474 68
3 217 11
208 250 91
77 398 65
103 179 45
128 331 93
69 441 90
260 323 45
309 434 70
274 435 54
198 336 30
98 297 31
169 362 86
52 257 20
98 362 10
163 307 24
357 385 35
261 262 39
42 393 48
91 111 62
334 457 71
51 176 33
336 355 98
88 135 43
68 181 45
2 380 82
156 346 76
236 326 55
260 424 4
225 265 88
296 326 23
160 485 70
231 367 78
116 428 33
150 163 72
297 391 55
32 141 11
193 248 22
442 447 34
89 430 90
86 208 96
295 452 53
83 211 34
116 473 32
18 48 56
223 301 95
32 83 62
30 37 34
14 95 100
98 176 83
82 139 99
66 146 94
266 267 57
88 317 86
172 450 0
42 149 9
92 149 75
77 363 69
31 198 37
441 486 40
159 332 33
21 53 75
79 331 14
58 380 77
111 476 5
378 396 2
2 184 70
17 418 10
264 329 30
160 376 51
324 484 45
43 276 49
121 295 13
63 421 99
201 234 78
100 322 40
307 359 55
328 396 55
316 419 55
50 216 51
350 360 73
313 466 78
145 382 7
78 377 27
80 318 36
36 440 54
264 430 80
317 356 75
248 454 89
97 292 35
90 441 66
112 136 16
43 395 54
34 224 51
57 345 54
8 296 83
94 117 69
67 380 47
131 212 44
260 425 24
345 436 26
328 491 57
69 373 40
79 415 13
155 243 65
112 218 78
117 267 7
88 412 16
331 459 63
163 480 9
52 161 40
147 353 14
65 320 60
431 461 83
9 130 76
181 217 44
101 223 87
72 478 0
149 252 81
8 468 49
1 8 12
385 436 22
359 362 21
203 264 22
245 284 70
144 412 46
110 419 20
337 476 16
37 479 42
136 364 51
138 191 39
234 417 45
108 295 0
178 317 55
348 467 37
205 419 93
23 215 7
153 253 41
189 202 15
86 181 83
281 333 61
107 186 17
212 240 99
22 25 77
14 21 37
228 388 97
110 455 51
185 325 73
143 150 58
116 265 1
11 16 94
181 490 78
38 225 2
2 447 47
176 376 10
242 269 93
65 329 21
361 492 85
1 109 88
213 289 84
36 258 73
245 416 33
412 434 75
315 319 89
315 460 42
392 455 94
229 449 82
187 253 11
363 451 63
73 79 45
438 446 58
213 256 60
164 330 3
144 319 3
393 464 43
109 139 47
336 476 37
3 416 94
228 248 66
452 495 44
156 237 10
308 335 87
13 38 19
118 300 50
20 297 37
80 136 6
24 261 60
74 327 30
24 385 75
125 213 78
340 354 13
112 429 14
320 425 69
46 98 53
52 167 48
13 25 38
1 461 49
231 461 60
119 202 60
133 458 26
238 293 56
368 493 7
360 431 14
63 368 74
28 286 56
296 333 6
93 177 90
347 405 6
383 420 10
142 371 48
130 354 3
207 283 3
223 413 46
357 475 99
59 442 40
89 308 95
430 488 30
96 265 30
53 164 86
12 251 42
20 456 31
15 270 19
46 396 59
6 130 81
19 24 24
48 446 69
52 331 7
244 322 70
266 359 87
281 407 19
366 498 98
388 439 85
13 450 0
183 311 10
125 380 58
131 410 10
106 446 56
168 328 87
233 474 38
75 221 68
205 482 51
119 371 56
103 417 20
459 473 20
37 217 39
224 273 50
99 399 84
50 356 22
178 412 24
136 285 72
145 247 43
42 419 62
154 436 56
12 116 35
33 475 14
149 178 41
326 446 20
104 229 6
96 172 15
59 88 25
144 356 61
288 458 3
271 476 12
42 301 49
151 219 23
7 166 71
1 307 6
164 198 36
96 339 61
41 45 6
150 314 32
140 175 4
154 489 28
289 416 9
115 497 58
470 476 44
6 87 78
163 237 36
315 439 27
53 494 8
17 199 58
4 403 31
76 268 21
244 449 72
27 466 15
62 136 55
220 393 43
24 334 46
1 158 80
58 321 34
32 333 28
238 268 13
24 128 1
27 353 11
289 370 17
232 422 27
59 399 14
165 384 78
127 240 90
318 342 95
84 112 10
450 470 66
196 463 67
87 426 30
53 243 35
243 258 77
246 362 52
92 493 15
247 457 6
80 340 81
83 353 16
129 302 85
105 373 23
148 195 48
55 437 45
22 245 54
20 168 73
220 236 1
356 401 74
135 226 89
82 314 44
25 219 38
78 245 52
176 279 28
249 261 79
208 230 49
123 194 46
97 177 4
84 109 26
441 479 48
17 197 82
140 480 34
205 345 44
92 180 52
441 483 46
13 323 50
142 299 16
25 143 18
210 492 51
173 418 60
29 111 40
47 93 36
115 325 58
76 496 36
6 254 12
199 214 34
40 333 63
201 308 39
111 457 64
45 131 41
95 244 54
132 263 29
15 474 4
104 169 69
48 489 31
235 297 36
298 360 87
167 366 76
137 493 7
275 307 0
138 193 40
23 414 63
380 437 31
235 250 16
254 371 100
391 432 64
346 494 96
335 397 58
35 368 56
408 443 64
294 337 9
56 440 35
79 149 87
87 428 30
19 282 27
79 117 59
262 455 86
178 414 32
155 165 35
139 310 49
102 153 70
457 464 59
90 185 56
144 271 5
244 309 83
21 67 54
50 79 9
211 375 43
58 311 93
58 388 31
111 348 8
10 235 31
48 148 11
376 386 92
218 223 32
125 250 53
83 301 29
101 384 16
27 320 24
31 340 60
171 384 86
109 110 73
80 96 59
122 177 67
28 51 10
328 409 86
43 345 13
201 320 52
241 305 31
253 420 45
235 498 32
366 486 73
75 425 61
82 460 66
250 328 68
199 457 100
28 450 100
317 372 50
72 438 91
361 429 15
275 381 82
257 490 91
70 253 4
214 230 80
7 195 93
197 264 29
5 263 98
14 80 22
24 37 44
204 244 95
114 153 64
91 324 90
70 165 56
85 356 3
2 229 34
4 25 18
174 250 73
128 167 72
196 486 10
59 141 8
362 387 1
348 469 72
29 108 94
29 174 85
195 322 80
48 56 88
16 317 95
152 231 31
47 167 16
11 179 85
153 239 3
282 385 21
116 406 90
80 144 64
84 494 32
219 353 22
257 485 88
250 380 54
265 382 82
147 212 40
214 464 10
280 315 93
134 253 65
176 194 88
153 269 16
51 103 10
256 357 11
139 464 12
158 175 38
35 196 63
217 233 24
299 351 71
37 338 26
1 2 66
315 495 76
84 342 33
168 371 36
326 367 65
366 478 73
216 464 3
98 160 78
325 480 20
112 207 28
263 453 61
165 338 3
316 329 13
35 163 30
68 460 31
21 143 62
336 346 65
60 413 57
176 313 34
136 234 29
417 452 5
166 455 84
247 377 30
429 451 60
47 329 40
413 423 35
14 201 41
204 283 47
142 145 56
307 475 19
288 397 98
221 249 60
9 239 53
24 53 83
189 494 20
93 297 41
322 494 83
118 308 49
259 284 8
73 417 48
85 474 3
302 440 83
450 475 22
148 242 70
330 407 15
179 276 75
355 445 73
389 399 98
323 388 5
312 378 89
20 217 68
57 315 77
113 197 24
341 462 85
306 373 30
89 118 2
28 464 10
225 283 62
149 187 99
208 411 61
265 390 37
146 171 19
39 298 28
32 173 93
273 323 53
217 436 21
107 399 18
31 214 54
55 314 80
56 464 98
181 361 25
79 272 90
346 415 64
122 464 33
381 446 31
139 372 37
176 312 41
118 424 76
192 494 66
59 144 88
361 482 9
127 279 67
294 380 2
116 367 55
283 374 90
173 226 5
170 376 95
59 481 45
72 232 61
66 94 55
263 353 27
112 462 83
113 430 75
155 453 23
185 234 26
35 437 74
134 404 4
185 477 75
240 390 56
259 340 34
123 295 84
91 408 14
23 53 43
158 239 65
346 388 88
229 236 100
99 132 84
25 192 71
4 71 15
24 148 80
145 389 49
87 95 28
70 159 10
48 261 18
48 473 14
261 284 67
110 379 37
404 449 89
66 401 14
122 393 8
114 256 23
83 451 24
164 372 56
31 137 64
99 457 69
177 392 19
41 99 7
26 468 47
331 427 97
115 258 95
22 45 37
337 429 42
48 487 9
430 435 89
172 473 93
398 474 8
164 402 58
203 377 93
42 360 24
225 397 88
66 461 31
35 358 76
153 493 15
298 465 67
321 347 73
162 348 59
29 93 1
71 288 30
44 309 66
111 472 44
244 284 34
202 323 60
253 465 8
275 397 68
35 342 56
151 388 51
244 435 16
153 317 0
26 318 0
318 392 11
104 333 50
198 444 56
254 363 58
19 144 92
13 402 88
24 195 23
223 478 15
33 411 70
223 423 97
59 102 64
181 481 41
68 433 33
353 405 1
269 486 11
65 170 80
179 253 34
156 252 6
48 366 0
212 297 61
38 294 89
330 498 65
6 453 73
183 199 3
225 438 19
94 272 82
98 433 84
159 192 44
114 115 62
44 393 22
12 54 95
325 394 27
163 363 98
134 483 37
349 446 46
37 317 61
121 172 3
130 190 20
351 367 33
295 348 44
57 302 33
264 438 35
164 202 18
147 402 49
16 454 98
11 438 9
200 434 59
390 433 47
189 417 71
397 436 45
450 467 55
313 479 18
294 327 11
336 490 59
161 306 71
215 340 95
235 361 74
243 303 46
249 317 73
385 429 11
225 346 56
235 393 22
39 74 29
67 462 3
251 394 10
326 401 27
232 455 60
357 460 63
13 387 47
264 478 93
211 483 93
441 449 21
66 436 78
303 459 76
149 290 99
213 348 84
188 394 69
147 422 69
265 323 95
218 338 89
70 483 20
138 311 21
129 232 10
166 366 65
292 316 63
67 147 94
140 187 16
254 377 66
36 452 17
257 330 23
71 250 90
156 223 22
34 68 88
479 497 95
50 115 10
308 492 3
9 25 97
158 387 30
116 490 17
86 394 42
337 478 36
332 342 66
253 421 66
215 393 57
6 50 20
66 343 58
275 335 48
358 410 41
153 366 35
98 390 44
168 437 17
9 16 65
43 195 14
125 421 4
127 320 74
252 255 99
227 306 32
66 439 36
195 433 4
46 310 73
83 107 93
35 103 14
43 64 1
281 334 78
163 383 4
315 446 74
449 482 7
19 469 60
131 239 51
252 355 82
58 262 33
368 443 91
136 368 88
395 486 66
140 214 70
75 157 58
268 484 15
283 462 39
260 302 94
44 411 8
246 297 11
252 261 72
24 341 21
179 207 10
104 428 99
459 460 35
117 160 12
20 108 99
64 282 74
44 460 67
301 446 61
44 246 72
331 465 36
5 238 62
159 474 72
54 77 98
348 359 46
219 484 83
168 239 42
250 289 10
120 480 16
354 484 81
97 426 42
266 455 10
134 471 62
184 316 90
69 147 65
333 375 59
52 461 72
335 461 88
106 170 94
222 489 81
127 163 77
1 119 25
61 137 39
119 252 47
152 432 3
343 417 0
198 222 63
22 390 71
6 205 76
127 231 47
94 444 65
52 367 17
46 104 77
116 347 55
296 302 25
231 268 72
162 274 72
283 419 29
3 38 40
239 329 19
165 189 40
115 170 54
234 475 57
348 407 64
132 463 11
207 491 62
23 31 64
148 367 68
194 452 21
115 145 47
149 164 82
185 429 36
206 329 22
355 415 15
301 416 24
180 368 40
71 138 31
156 478 76
228 321 42
86 457 4
244 368 8
41 269 70
219 280 18
310 455 78
259 420 12
53 143 97
77 495 48
8 490 67
145 270 33
49 315 20
154 453 49
257 266 81
70 297 69
79 206 97
6 377 57
255 442 2
155 303 89
34 244 68
147 269 38
368 466 62
122 283 87
21 468 72
133 284 35
8 402 21
70 447 74
102 130 72
82 136 20
81 110 21
2 3 52
205 228 46
21 45 13
198 309 16
63 105 15
249 255 15
239 488 32
148 473 80
180 386 46
190 206 59
239 331 80
157 417 73
143 321 50
10 425 70
190 246 53
118 493 39
399 446 52
99 411 34
49 151 14
181 453 18
139 143 18
79 401 40
66 380 79
86 483 77
54 228 73
177 283 99
329 471 6
37 497 42
1 222 3
168 323 86
234 447 62
79 408 19
167 180 66
206 472 54
16 385 6
121 204 88
25 459 81
50 408 68
4 390 23
52 303 19
278 359 25
366 453 20
164 315 78
154 466 34
182 491 8
74 287 40
173 330 51
74 400 75
108 141 34
66 168 57
174 317 95
257 406 4
13 268 65
374 391 20
260 391 61
324 333 86
340 372 93
275 396 77
284 324 93
188 201 21
142 182 62
232 275 38
317 331 47
39 464 68
364 474 39
284 404 45
182 309 3
126 173 55
108 421 54
76 452 8
318 460 83
9 474 100
110 336 82
57 323 98
186 492 99
330 367 55
13 445 43
81 93 14
6 136 27
298 348 53
44 466 85
291 411 67
19 227 90
206 491 85
23 128 79
103 284 63
174 492 15
256 282 18
134 226 68
232 317 28
234 295 21
197 336 44
178 448 10
155 373 60
169 323 43
80 488 96
255 257 77
3 250 51
172 187 49
172 356 34
24 389 80
264 398 14
1 245 59
30 87 72
435 441 48
86 273 31
301 474 18
162 267 25
196 334 31
19 219 77
204 229 45
64 142 48
233 439 45
36 41 63
47 372 88
169 264 61
129 271 15
172 404 69
49 93 11
381 439 21
271 464 42
141 397 0
80 280 44
5 417 52
367 395 30
228 230 88
323 336 75
240 321 34
148 450 66
100 160 61
284 400 64
164 253 66
36 151 18
48 413 9
35 305 10
134 268 49
198 468 20
277 365 28
25 70 97
258 405 3
5 225 73
196 242 60
219 377 92
202 325 68
2 300 94
18 366 29
182 278 17
316 395 50
17 269 19
164 197 85
61 102 95
2 131 31
207 464 37
89 454 51
24 360 81
278 387 78
71 331 58
333 498 81
49 412 2
290 472 77
227 491 90
377 454 90
394 400 100
46 467 30
134 463 19
227 320 93
391 397 97
242 340 47
178 306 39
146 192 50
371 436 3
296 397 31
225 342 8
15 252 20
243 376 6
214 412 81
314 374 51
102 135 48
169 393 63
74 209 12
86 201 78
318 357 65
154 168 73
41 199 47
56 136 78
10 61 88
278 325 22
13 356 45
242 445 38
177 264 45
178 215 24
148 415 87
100 488 74
204 412 6
418 464 10
90 110 29
91 323 2
236 283 88
311 416 6
195 314 35
287 376 15
66 151 85
158 226 85
91 380 54
155 178 15
158 191 81
414 490 60
135 420 52
79 162 58
25 402 30
194 329 27
5 14 88
193 494 68
326 420 86
290 471 6
224 285 81
108 121 43
439 478 53
147 229 96
180 416 13
25 100 72
167 410 60
143 262 31
172 258 89
2 47 27
418 430 26
159 210 27
120 124 7
365 400 24
73 175 29
322 396 87
218 303 26
226 392 72
315 488 35
63 270 50
117 259 3
36 193 22
204 362 7
267 405 47
43 400 12
23 313 35
76 381 48
157 442 84
182 472 9
73 424 6
3 51 16
2 426 91
417 485 35
16 102 85
175 223 39
23 75 100
255 359 10
19 363 6
302 432 65
226 260 59
243 387 13
421 487 43
278 429 90
207 213 9
29 349 38
134 373 78
446 454 24
122 221 92
159 185 90
132 462 100
15 330 38
234 413 66
4 229 63
109 346 10
84 122 69
24 293 15
50 355 6
22 275 5
11 102 17
9 441 72
14 491 66
46 60 37
157 392 33
20 298 15
183 319 59
83 239 32
223 237 36
129 297 13
233 426 22
184 328 90
76 312 88
173 398 11
8 430 46
421 497 2
129 337 38
14 110 37
99 356 78
89 150 30
106 169 13
59 79 50
20 117 57
68 426 96
332 335 94
143 298 86
326 409 46
123 401 11
170 362 73
160 462 88
63 203 17
62 448 8
30 350 72
106 498 36
17 161 13
255 263 5
51 473 95
189 322 99
203 351 26
82 319 25
84 408 5
138 347 55
204 251 57
1 249 11
34 206 56
447 480 4
425 458 49
182 254 13
89 409 100
78 116 10
281 402 27
255 447 55
69 185 58
72 408 79
298 344 67
66 186 13
88 385 57
224 364 76
59 454 40
55 483 43
39 301 25
316 411 28
345 364 66
96 491 37
296 381 30
13 140 100
89 178 86
29 113 10
15 157 7
71 206 18
199 281 78
33 292 35
138 407 19
61 232 12
385 466 43
300 451 39
141 306 59
20 174 81
352 418 78
44 283 36
99 329 47
148 407 2
223 368 65
28 494 26
99 463 34
205 344 72
101 421 44
98 191 1
80 107 23
121 457 60
13 171 64
268 357 33
173 412 65
246 266 79
63 266 4
147 183 70
104 383 39
323 496 94
12 396 61
95 103 39
307 486 47
8 277 97
174 267 53
240 435 61
299 358 61
104 120 99
84 340 22
415 432 55
145 449 58
34 142 9
143 381 79
184 366 100
421 485 65
191 254 22
465 488 47
101 226 46
98 478 78
48 65 99
466 476 22
33 188 68
163 308 5
215 299 29
194 335 82
66 352 31
8 154 95
49 484 14
26 209 59
305 413 25
56 59 40
14 417 4
84 345 30
61 64 14
55 82 1
277 319 98
260 329 2
200 444 17
165 276 54
3 172 73
255 471 100
174 496 100
253 419 71
143 192 48
305 425 10
157 288 23
21 274 42
48 127 80
83 480 64
29 70 15
74 452 95
36 202 32
52 71 1
78 238 89
125 175 31
111 172 12
177 268 77
31 334 99
409 414 8
219 354 17
363 402 2
186 226 99
87 455 74
100 224 97
54 301 0
361 384 63
255 351 96
373 477 73
258 488 50
345 400 60
365 489 39
101 150 3
136 343 92
9 389 41
8 22 34
139 498 20
21 309 5
6 132 69
105 454 42
31 307 54
125 295 2
309 338 100
27 191 51
355 366 48
40 47 16
29 460 53
148 434 2
99 480 17
55 479 45
122 209 87
108 207 45
54 445 63
419 439 91
138 224 46
34 299 63
457 497 61
440 475 92
133 311 22
426 442 12
258 410 67
382 484 67
308 495 25
78 490 64
441 474 83
16 156 88
85 353 75
244 475 8
216 379 74
346 453 29
205 395 47
34 465 22
383 427 58
164 409 7
133 165 88
437 495 89
143 242 58
2 436 18
108 163 57
191 241 6
266 277 50
265 409 24
41 186 1
73 254 64
49 390 92
9 324 81
139 451 71
2 271 53
40 102 63
233 327 19
162 362 97
98 298 49
132 443 79
80 177 47
439 465 89
44 427 54
10 426 92
279 495 27
264 303 54
145 196 91
78 262 54
165 350 7
77 240 95
315 376 77
222 440 38
81 437 43
129 334 1
249 345 8
341 455 43
101 224 65
43 411 8
39 263 31
110 280 26
274 406 74
85 262 57
10 210 0
49 476 39
95 290 61
202 484 58
15 166 74
47 487 95
186 262 83
294 392 9
77 248 4
71 352 71
96 258 16
244 257 85
171 213 26
96 438 99
153 451 49
44 482 21
324 378 46
272 440 27
119 219 9
115 396 21
48 472 7
97 227 31
19 152 19
18 317 80
101 374 46
285 476 35
42 83 29
142 160 45
150 407 57
92 412 64
177 252 31
267 425 27
242 438 72
332 481 99
181 277 37
103 327 93
216 276 20
16 57 26
244 432 70
442 484 9
2 7 7
82 222 58
153 457 85
268 302 31
174 444 91
100 406 61
256 450 46
258 455 95
24 375 20
158 322 86
73 479 10
417 470 3
315 365 0
144 195 87
126 145 95
320 435 29
113 252 82
198 305 63
47 103 100
167 270 50
145 433 53
3 137 11
140 432 7
27 56 26
14 224 100
126 228 89
208 219 21
267 375 58
46 289 26
63 118 92
394 442 77
136 348 85
199 328 13
206 367 68
6 110 44
185 369 94
219 301 56
157 307 5
102 454 46
213 363 19
363 415 97
373 383 15
137 330 16
418 433 9
68 114 9
240 355 23
10 230 89
245 350 14
155 450 26
145 498 59
89 211 94
59 181 80
245 447 24
192 440 95
170 230 18
407 483 2
24 71 96
149 412 92
119 423 44
142 431 68
386 493 31
283 338 22
99 155 56
20 121 86
81 407 14
327 396 64
117 390 21
51 102 32
228 268 50
337 454 61
121 445 70
178 393 19
16 393 29
205 348 9
80 304 29
212 277 38
122 352 27
206 258 89
116 177 83
138 272 34
166 221 45
63 124 59
176 393 37
82 175 61
220 435 89
309 405 89
413 469 81
212 320 54
7 370 74
49 261 40
180 467 85
34 471 94
88 239 68
370 493 10
71 113 1
6 152 54
14 70 49
347 401 0
139 309 71
70 234 96
49 262 98
113 126 96
246 380 78
22 326 84
53 467 82
242 315 94
121 284 74
64 399 11
154 195 36
107 171 44
346 428 3
340 393 77
44 294 34
50 301 94
293 367 66
139 166 73
256 468 34
56 372 54
47 313 28
30 380 47
116 140 20
68 186 80
380 412 33
118 394 15
72 425 42
311 342 13
101 440 41
176 435 82
323 462 8
161 432 67
12 23 85
169 216 59
138 433 54
11 73 92
166 367 35
449 496 62
324 437 64
71 487 45
66 394 69
100 448 28
325 425 91
344 367 38
369 394 65
94 372 45
87 185 71
208 383 68
40 287 71
87 196 30
161 311 88
26 221 68
7 43 11
35 320 77
269 469 17
143 220 95
86 361 36
259 288 98
26 57 20
392 441 73
61 218 35
146 312 93
3 425 2
74 184 92
157 410 63
41 279 36
276 364 28
428 475 84
190 192 5
53 74 41
165 421 87
146 284 81
344 446 74
146 267 24
38 321 43
212 401 91
102 156 46
322 370 42
219 375 38
1 403 86
74 489 48
55 361 42
138 212 63
168 358 53
34 391 4
395 423 19
114 452 62
59 163 43
182 470 20
99 301 100
119 296 15
344 480 91
153 287 61
251 474 12
182 185 89
180 267 57
264 340 88
279 356 67
93 257 45
8 111 21
75 135 82
252 312 73
347 359 80
280 425 41
338 464 51
63 180 67
12 209 64
95 160 57
43 433 15
114 297 79
124 213 66
251 495 33
403 411 12
98 220 52
67 155 54
11 236 81
100 101 21
212 360 54
65 187 28
136 230 85
222 425 34
76 394 75
2 89 22
200 376 44
97 467 6
187 492 6
9 113 48
13 46 18
74 493 37
394 416 57
163 195 22
264 316 10
166 428 53
143 163 66
305 498 78
184 378 30
268 349 17
187 318 63
255 456 6
271 414 33
69 112 92
35 124 55
129 260 7
6 317 77
430 472 49
312 484 88
115 303 62
28 185 35
188 365 83
6 414 45
273 346 81
409 421 36
200 241 23
72 448 29
28 384 34
274 494 18
207 282 22
397 448 47
124 207 8
35 294 83
257 385 63
289 397 4
8 253 65
124 481 78
339 456 14
12 18 93
202 473 43
100 390 72
125 236 91
175 237 71
210 362 14
123 436 4
36 335 84
266 280 57
112 146 1
6 53 31
340 495 51
307 492 100
60 205 43
378 491 48
252 363 36
81 346 86
155 288 74
131 251 10
295 308 30
149 444 51
372 440 45
10 275 9
59 235 62
178 458 67
100 177 78
116 296 49
382 421 76
47 381 48
450 494 9
6 234 2
189 461 29
249 272 27
419 467 100
132 455 25
62 207 47
144 457 20
80 457 92
111 339 69
28 269 81
255 433 72
271 370 40
418 485 7
327 452 44
39 415 29
163 274 16
166 475 26
214 354 59
56 171 53
92 181 58
37 437 5
190 342 0
247 296 72
25 269 46
36 286 59
372 452 24
266 381 84
103 201 19
191 390 85
441 488 99
95 185 90
71 439 50
386 437 75
272 484 51
33 161 41
122 136 63
196 323 78
77 301 2
294 386 40
119 365 32
170 468 14
255 396 21
415 447 41
76 352 7
168 224 98
19 239 5
172 321 79
189 447 74
161 386 79
166 264 11
176 259 49
372 422 76
226 247 40
145 267 100
19 360 65
276 407 57
50 483 98
220 450 69
8 20 52
46 205 33
67 481 67
129 210 80
265 312 92
250 461 51
269 450 22
158 399 81
193 240 38
309 457 22
312 318 51
27 157 72
118 120 96
162 370 94
92 99 87
152 450 21
66 326 91
14 278 17
241 284 90
210 455 77
10 184 76
54 225 23
288 486 8
122 449 16
134 425 3
31 184 85
394 406 27
35 469 9
38 105 65
267 415 14
13 197 58
151 338 68
23 231 47
398 405 26
34 108 98
11 487 88
83 428 53
100 378 86
228 370 53
225 258 18
161 303 12
265 381 100
73 409 75
77 87 96
147 311 31
422 489 16
142 278 69
11 393 15
12 384 39
372 472 75
207 373 79
219 289 47
205 481 72
356 464 31
30 351 54
246 348 78
92 284 18
146 460 72
247 374 17
13 315 54
198 324 61
151 471 33
322 359 16
132 267 73
28 147 68
268 391 75
94 338 58
141 472 74
135 287 65
302 356 52
139 145 77
225 417 70
163 356 60
57 152 33
50 323 33
64 270 6
243 421 33
253 335 38
19 64 11
14 28 86
11 80 83
112 240 71
268 311 92
466 491 87
216 328 29
395 443 10
376 424 92
26 163 46
265 288 39
1 6 65
131 332 51
103 207 22
6 304 33
61 201 82
7 410 67
172 177 59
69 456 95
32 287 72
54 495 96
163 379 90
86 258 39
217 268 6
6 261 79
3 317 20
10 276 79
49 77 21
108 420 86
42 87 39
98 256 58
5 76 36
12 95 51
105 237 49
44 321 35
496 498 91
201 248 68
268 452 58
77 171 47
203 421 18
396 422 14
127 441 1
19 483 33
121 439 64
66 144 66
421 498 43
85 339 0
64 418 69
108 150 19
422 461 75
14 193 80
103 216 91
40 384 53
247 370 8
99 117 79
57 451 14
443 496 56
67 303 69
149 255 72
168 452 2
408 410 54
13 440 71
276 363 33
6 29 62
63 480 22
60 374 21
104 107 28
249 452 3
228 322 82
331 395 29
247 452 82
238 249 70
142 200 96
81 306 69
122 347 6
97 176 87
58 202 76
66 147 82
72 100 26
236 488 13
122 256 15
223 483 79
89 228 64
343 427 87
129 280 57
215 263 26
32 191 93
80 475 39
383 401 64
96 348 8
19 60 26
112 142 20
198 284 5
52 376 100
61 145 83
36 395 61
95 180 96
14 266 43
340 401 67
117 322 1
40 52 41
180 227 67
6 192 78
29 372 22
301 438 44
3 392 40
124 359 28
49 406 4
121 257 64
73 298 31
160 315 41
231 351 64
211 277 91
41 289 26
43 126 52
337 421 80
89 197 20
211 414 46
10 470 88
9 362 37
229 408 38
34 370 55
371 389 80
62 334 98
284 327 86
46 381 80
199 417 95
300 402 51
159 420 90
185 211 0
340 375 42
309 406 95
134 197 35
299 454 96
90 269 98
6 143 22
164 439 99
327 343 0
106 122 30
10 308 73
47 445 39
157 253 52
127 138 59
324 417 36
412 457 70
184 300 73
85 408 93
313 440 67
233 258 49
327 496 36
93 342 88
105 217 63
57 442 66
421 462 12
17 184 62
129 296 29
93 301 74
33 45 69
209 489 44
151 220 34
67 409 91
252 283 89
252 307 82
5 129 14
321 363 19
283 342 6
360 415 82
269 428 4
243 347 31
43 331 97
271 357 86
344 410 36
181 336 0
141 259 66
102 423 23
269 419 86
151 154 61
293 294 29
299 419 14
363 420 65
16 427 57
262 466 32
71 437 49
424 442 54
154 177 67
49 430 75
73 454 56
58 430 46
22 371 86
147 400 41
187 241 26
23 328 31
216 368 67
305 371 92
207 365 11
90 117 56
132 497 6
130 340 65
192 459 27
375 379 14
20 66 8
324 491 10
57 314 3
83 395 2
301 375 76
286 381 4
372 469 36
226 359 36
213 468 15
68 367 68
103 293 99
9 33 29
138 178 14
28 377 13
284 315 37
127 364 15
55 480 71
128 298 31
25 28 16
119 357 17
66 408 34
94 221 65
218 476 96
31 374 84
91 424 78
154 188 42
13 243 1
275 304 62
237 250 50
197 289 65
144 265 98
162 383 62
110 278 59
128 401 82
41 257 11
104 220 24
247 306 22
160 390 74
347 461 9
61 222 93
380 477 6
124 362 20
316 389 41
64 425 21
55 269 60
236 439 91
134 345 62
121 208 67
64 260 44
33 268 95
192 466 45
17 141 23
115 421 35
232 474 7
206 474 98
241 417 48
8 53 69
164 287 80
203 395 50
24 196 55
224 311 57
46 372 46
70 415 42
141 164 51
95 453 48
300 445 15
44 87 56
282 410 98
55 235 14
125 259 82
330 467 45
37 89 97
54 391 76
29 320 66
85 345 61
10 43 26
34 50 11
302 388 0
404 408 29
68 115 22
207 208 10
99 267 48
13 187 58
48 196 69
156 281 9
64 158 95
195 337 51
171 269 76
284 308 0
404 446 8
273 460 33
165 319 29
147 270 59
219 326 82
271 292 66
155 285 77
66 86 99
278 464 20
19 222 26
143 195 46
124 277 44
220 463 15
62 251 77
181 364 73
333 434 12
57 453 67
83 255 1
50 435 62
47 298 9
121 225 14
123 409 99
216 350 40
128 453 35
129 358 91
264 282 34
143 190 9
214 444 59
349 405 40
83 411 48
362 474 39
149 201 78
409 474 74
87 414 42
310 406 38
64 145 97
103 485 59
71 422 59
171 339 15
81 461 17
198 255 93
87 241 47
102 230 45
49 105 99
139 228 54
81 443 8
419 460 12
290 483 61
61 410 69
381 383 27
83 447 96
136 496 76
74 216 36
317 444 85
24 129 85
110 303 71
13 436 49
16 99 85
323 465 66
189 462 82
46 164 44
248 292 43
78 452 91
72 236 2
40 118 11
23 156 21
267 346 2
91 129 5
177 332 69
23 140 82
334 371 97
89 292 45
45 302 14
191 485 27
307 418 57
209 451 93
142 265 8
22 399 35
53 255 75
291 496 54
149 458 34
271 397 92
83 131 33
194 459 14
233 440 50
158 362 84
146 438 9
70 453 51
218 450 26
215 427 86
128 479 43
258 498 56
83 311 66
282 425 98
212 412 92
459 479 80
419 457 76
118 178 56
267 283 14
487 498 31
249 285 53
178 420 59
92 216 61
232 488 25
365 429 47
171 183 34
216 245 94
39 241 11
125 340 81
427 435 45
43 266 9
186 214 83
80 448 94
226 355 20
135 148 7
138 465 21
235 313 35
346 484 46
155 256 32
122 405 0
332 432 80
119 266 29
365 462 53
367 398 95
107 475 81
173 433 5
244 340 32
339 425 37
145 339 96
279 387 83
85 313 87
30 179 67
54 262 61
189 405 59
58 444 52
38 494 66
25 237 88
60 85 48
20 376 24
22 465 41
217 219 65
265 268 29
16 367 100
102 282 54
92 194 80
54 213 38
8 146 56
16 97 22
417 462 13
152 321 30
225 276 23
363 421 14
21 364 58
75 308 16
59 152 44
80 461 97
304 355 65
269 391 10
294 428 77
194 414 6
37 100 63
194 216 18
77 409 31
323 452 91
144 178 30
143 149 61
16 378 8
46 490 33
480 491 39
234 383 4
82 490 49
17 284 17
80 265 3
11 114 2
327 486 77
148 193 74
78 259 86
224 424 15
103 464 92
61 407 21
118 250 18
419 466 96
209 415 97
152 205 69
289 352 3
259 324 0
60 470 82
232 258 44
283 434 85
283 437 65
39 376 84
195 450 8
134 361 74
327 358 48
133 193 17
38 189 89
181 261 61
60 213 32
337 361 8
176 353 32
282 403 70
7 311 17
85 291 41
150 425 5
16 477 25
38 131 88
88 378 98
166 241 30
183 477 7
88 157 34
137 207 27
195 461 28
89 411 88
191 412 99
307 324 35
15 466 28
370 440 43
195 276 1
104 416 25
52 187 44
245 332 26
166 441 64
423 431 0
232 249 13
195 469 23
158 442 87
110 362 79
45 479 46
289 488 77
198 383 28
155 225 16
220 357 62
201 288 16
86 340 16
64 213 91
65 419 95
90 222 18
209 304 91
50 82 13
5 12 92
6 201 31
78 412 94
365 383 27
323 473 27
29 260 83
201 304 76
42 274 69
240 493 81
190 470 17
19 181 57
10 48 61
35 236 18
300 392 3
334 397 59
52 106 41
54 132 27
68 348 59
280 324 70
130 335 66
179 400 3
110 368 63
268 415 43
188 389 2
178 322 59
184 472 43
65 478 71
73 339 4
278 433 63
120 385 86
352 390 16
179 484 70
20 306 9
168 487 38
9 391 32
158 325 54
445 492 89
304 379 76
192 409 28
74 322 29
66 109 54
11 94 47
357 464 45
27 113 38
226 236 35
292 411 24
28 258 53
76 117 43
245 482 46
334 413 14
42 333 52
61 262 26
160 262 88
377 465 70
289 342 49
74 121 30
92 133 88
63 147 40
22 115 41
167 386 90
22 356 12
82 285 25
291 435 9
240 298 60
196 301 61
107 332 2
89 267 35
321 460 90
319 346 31
186 207 10
123 177 95
260 428 42
19 183 84
304 349 76
454 497 10
9 137 67
321 366 47
67 257 84
14 309 58
494 498 91
135 212 81
302 315 44
255 483 69
321 371 70
12 31 46
370 436 60
103 311 50
359 361 15
416 483 37
37 488 58
440 450 33
179 462 53
91 395 52
327 497 2
237 405 20
7 8 42
308 359 91
8 84 98
73 76 57
87 331 26
25 358 19
318 418 38
9 14 55
125 448 16
76 495 96
190 228 50
205 387 51
9 111 2
63 88 36
254 378 17
184 400 46
164 250 84
246 283 55
46 189 65
29 123 89
289 354 97
159 363 8
69 283 71
42 284 46
172 349 32
199 332 13
278 487 5
318 493 10
196 199 8
156 297 58
245 395 0
272 310 17
34 92 54
69 271 30
146 225 35
251 327 62
185 321 33
259 359 66
60 329 69
166 209 6
239 302 5
39 119 38
267 284 93
122 178 70
104 462 80
142 205 70
23 182 51
129 204 5
45 122 74
278 498 52
137 350 50
140 315 73
229 417 58
163 339 20
250 338 73
295 470 65
186 342 68
331 463 50
20 368 54
222 488 67
64 301 20
318 477 49
337 487 49
240 350 96
281 327 18
46 171 58
29 88 73
50 339 69
106 346 88
295 338 70
53 81 6
67 448 53
362 406 62
313 478 97
76 121 8
143 374 63
294 479 99
300 436 31
286 421 35
53 242 24
26 464 82
215 446 76
23 459 50
36 472 64
182 328 39
126 183 2
10 33 93
437 441 20
189 481 82
102 498 44
253 414 23
15 375 66
342 489 45
241 491 68
42 450 33
386 481 74
226 423 97
297 463 69
140 358 73
174 497 84
116 457 93
71 249 1
105 213 29
157 317 5
68 102 14
58 465 93
28 41 71
76 468 49
139 426 90
97 128 35
273 453 13
290 496 60
88 304 75
260 357 92
188 408 20
126 382 45
41 211 57
186 392 29
45 97 34
104 353 24
12 354 15
175 415 45
8 367 85
144 436 83
219 427 79
262 415 72
85 349 92
290 310 51
338 462 68
126 227 71
94 334 59
9 218 14
10 218 83
115 172 22
78 200 64
92 411 90
10 17 90
130 486 78
170 421 20
63 363 52
82 412 88
186 383 21
175 482 83
77 462 65
170 411 54
168 172 29
283 417 59
121 405 24
91 244 57
250 258 7
100 164 97
276 452 42
183 379 60
34 295 83
167 273 95
364 486 77
182 250 89
96 330 67
114 268 51
13 284 95
236 263 80
325 342 97
290 420 71
8 47 56
120 358 53
42 222 38
79 268 21
177 293 91
165 277 33
7 396 39
48 286 6
79 251 27
376 457 92
334 415 24
204 379 9
283 446 73
100 318 66
237 478 1
147 309 30
158 188 37
212 424 48
283 402 18
267 341 51
185 294 48
71 480 39
130 467 13
91 160 71
143 199 67
13 120 86
132 150 19
186 210 62
157 257 86
126 351 17
357 365 83
23 349 56
180 397 4
253 492 9
25 290 88
280 331 99
471 487 61
151 447 78
137 387 89
71 88 84
36 215 48
224 496 40
78 410 10
85 437 13
94 344 29
29 240 62
111 485 37
1 172 15
16 93 57
64 241 74
311 497 30
256 370 89
229 431 61
453 458 15
324 398 30
84 324 99
284 459 21
423 435 59
197 456 56
482 485 95
73 337 95
277 384 20
180 452 24
56 158 41
153 402 84
305 488 73
210 294 14
115 254 3
165 438 80
223 232 94
66 422 50
111 195 73
55 89 84
66 291 32
359 411 25
235 415 13
192 432 73
49 50 85
269 272 99
389 447 19
77 376 66
81 352 80
120 418 26
328 427 6
165 378 58
319 463 97
79 287 0
3 71 8
69 87 88
208 288 12
152 306 49
145 408 23
6 72 79
20 330 44
389 446 94
45 115 3
49 269 83
13 54 89
189 362 34
338 409 78
459 468 41
63 498 70
62 128 77
171 175 44
127 186 16
266 361 69
341 366 97
32 81 34
457 465 63
66 332 100
35 64 1
67 319 83
153 166 77
12 423 69
290 470 62
71 306 41
65 311 34
12 162 44
111 140 90
76 186 72
388 486 41
109 165 14
34 449 54
223 259 63
53 378 39
267 458 45
170 280 23
52 315 47
145 490 61
227 465 34
172 449 65
191 497 59
88 447 32
218 479 100
476 491 33
42 74 50
207 265 53
191 447 48
314 323 80
56 100 22
197 351 52
326 352 17
339 369 28
168 221 12
34 137 23
44 153 43
139 203 13
26 416 62
223 469 23
182 335 57
93 259 10
158 297 31
193 372 72
94 220 26
123 368 61
356 470 99
282 489 71
94 310 76
33 346 56
130 233 3
28 365 30
285 421 41
208 374 88
69 190 66
320 392 82
17 414 36
198 484 32
249 368 44
87 120 3
114 481 59
135 240 83
27 164 70
409 482 18
20 246 41
127 448 73
82 301 60
85 343 100
79 356 91
34 403 79
345 476 12
274 345 53
352 408 3
6 208 58
49 145 18
183 219 44
65 263 26
65 111 65
99 178 2
12 201 41
394 454 47
113 349 16
300 354 41
16 402 28
140 246 1
180 200 31
329 475 75
163 185 67
278 417 41
215 320 100
260 411 57
49 364 63
201 335 22
14 31 11
28 62 28
230 296 50
44 110 79
20 388 45
193 439 58
131 460 85
155 472 39
64 173 96
237 246 26
23 58 69
30 154 16
229 332 59
63 153 60
171 263 15
243 430 41
41 275 54
234 473 23
68 492 92
319 375 100
252 387 99
11 112 4
154 358 72
140 321 52
58 320 83
441 480 9
205 285 28
216 224 80
263 291 61
373 488 20
241 264 37
288 345 29
13 312 19
270 430 21
75 258 47
171 360 33
48 231 55
89 401 85
168 306 24
118 130 46
40 91 46
320 364 0
328 442 35
65 333 25
41 217 71
365 493 27
160 338 86
207 366 20
391 438 91
58 59 33
148 381 91
37 289 65
174 181 24
78 312 74
207 362 1
122 139 81
70 481 69
334 343 35
123 471 95
83 166 73
80 313 4
252 257 91
346 435 91
27 491 50
91 261 28
32 493 53
274 439 91
258 394 62
414 417 26
18 318 80
50 182 12
68 198 23
474 490 59
145 343 26
412 433 57
70 138 25
65 272 6
215 260 47
287 410 50
273 485 65
223 228 46
352 461 97
283 378 43
351 484 95
4 112 19
360 481 10
80 245 74
289 341 4
270 337 86
32 275 61
185 360 77
77 401 63
212 417 60
29 207 92
75 137 65
16 114 2
3 433 45
215 265 77
295 351 36
34 430 18
118 218 82
18 322 95
131 272 34
159 435 92
63 229 27
306 435 53
221 411 98
76 461 85
320 387 82
15 452 98
37 473 26
93 265 29
373 423 42
2 201 59
146 441 61
109 292 15
150 204 82
1 218 61
29 359 7
3 356 37
136 494 7
70 358 66
47 338 80
192 305 33
179 452 14
197 341 1
46 213 84
93 369 33
8 364 12
78 153 49
61 353 94
93 459 54
8 485 0
28 150 66
38 426 90
303 434 88
61 190 30
339 480 25
381 407 57
81 166 37
297 431 97
91 196 92
394 470 44
77 141 20
301 408 0
34 389 53
303 387 38
207 349 70
99 127 38
199 310 49
272 343 88
19 207 36
272 473 11
234 277 100
228 453 53
141 390 82
169 459 88
110 415 90
177 312 12
117 415 3
22 448 7
281 395 13
133 282 14
224 461 34
32 412 36
381 451 51
138 486 32
140 395 50
70 494 24
29 328 90
36 492 10
417 466 22
51 105 85
167 358 63
135 390 69
220 230 67
336 407 19
383 465 89
312 414 85
66 82 13
150 352 64
106 233 86
266 493 34
204 234 92
304 461 1
132 457 17
253 395 43
202 316 50
67 104 0
1 9 71
54 334 37
297 414 12
231 479 10
130 485 39
78 364 81
102 126 48
120 266 81
266 483 92
197 430 67
362 460 96
75 106 3
261 376 98
443 477 44
119 172 73
34 146 0
417 459 73
191 265 65
352 413 60
398 457 14
192 351 85
144 416 9
44 258 28
127 242 77
342 495 27
50 112 37
293 466 94
391 443 26
323 460 86
45 341 88
179 265 42
48 344 21
369 420 62
142 478 32
31 441 75
78 428 48
396 480 33
12 83 46
433 473 96
348 382 61
72 368 40
163 375 84
59 486 89
202 240 69
419 434 40
390 469 27
78 268 86
11 401 38
70 241 8
327 420 100
246 299 81
81 445 86
64 239 68
33 48 58
157 437 19
151 226 34
426 489 98
290 431 45
232 295 51
156 338 34
128 183 60
272 457 50
29 53 95
271 483 88
187 315 56
386 446 88
223 289 90
28 89 41
326 459 91
236 467 92
28 129 9
47 105 10
27 473 57
211 236 45
43 290 48
71 270 63
36 220 82
189 201 27
198 205 42
135 354 17
288 335 40
248 257 8
141 169 39
70 369 68
86 433 66
35 225 48
125 490 59
56 206 3
293 304 16
330 372 18
203 474 41
56 138 14
355 409 9
79 388 15
48 476 62
147 208 1
41 456 35
145 347 30
110 451 77
37 344 57
302 443 5
106 472 81
120 167 45
212 256 24
138 498 86
408 490 82
246 329 7
117 262 74
132 225 83
63 277 67
311 422 79
215 295 20
32 364 57
355 459 53
135 269 52
208 297 70
100 163 55
225 325 73
199 270 74
14 357 4
124 188 55
253 338 85
157 292 60
327 381 39
377 446 8
8 28 37
260 375 64
201 211 43
471 486 33
142 252 83
54 226 62
12 274 5
213 430 21
137 347 55
414 497 18
102 361 20
101 330 68
18 119 27
64 111 47
65 114 34
94 164 2
175 253 9
311 357 92
51 342 5
379 462 99
146 365 47
348 363 30
277 379 28
176 241 72
346 426 30
92 203 29
4 395 79
88 449 95
97 173 83
78 216 69
291 489 53
252 357 71
127 201 50
386 424 13
53 461 62
81 177 76
37 376 78
53 383 21
60 258 79
253 440 31
125 427 3
11 449 84
74 100 82
165 176 52
205 393 52
182 249 82
238 361 48
350 434 3
300 457 37
197 324 21
63 437 64
109 422 56
365 472 74
168 459 65
113 333 16
45 118 63
50 56 94
185 438 39
298 481 36
47 135 74
8 226 47
19 415 29
93 234 53
140 237 58
106 138 100
81 312 36
448 461 10
280 441 7
126 342 34
67 299 54
90 290 4
136 240 65
474 485 25
169 347 54
305 458 10
43 378 7
35 141 11
388 456 30
375 479 44
371 463 28
122 222 32
244 348 34
385 423 36
45 315 75
285 303 84
122 211 29
147 151 49
28 339 52
39 133 61
82 100 6
126 315 87
79 440 71
7 363 40
128 361 32
409 468 34
81 175 89
172 279 16
195 392 43
366 416 17
324 330 87
42 86 53
27 490 92
172 298 11
31 455 53
14 384 56
164 384 6
242 399 9
8 66 7
52 209 0
436 476 28
399 402 19
47 100 49
120 312 99
51 467 73
64 442 33
44 217 3
72 130 99
68 220 34
307 448 97
475 493 43
151 336 1
295 474 93
37 45 49
273 496 24
29 98 6
92 94 83
13 316 62
206 342 68
338 394 36
31 373 29
82 384 80
159 468 92
275 343 74
371 444 33
266 485 18
51 137 61
221 313 16
216 461 95
260 342 42
170 202 89
399 465 87
234 416 78
32 226 100
10 189 34
355 465 52
239 309 97
138 159 11
205 486 78
122 441 98
93 112 6
102 149 82
294 427 6
160 245 83
359 440 44
261 463 22
308 333 29
37 475 45
299 352 3
24 200 53
195 229 33
81 433 100
220 477 99
17 205 27
227 485 75
337 463 78
36 280 3
188 357 1
231 379 9
116 398 89
164 273 34
42 53 56
120 126 7
91 364 10
138 435 19
199 492 76
222 371 57
31 490 66
62 228 77
97 357 42
328 432 18
302 462 66
30 497 33
211 396 43
419 484 48
326 494 89
194 199 62
56 352 100
240 465 38
68 131 18
77 250 84
94 347 63
177 498 22
131 307 39
134 346 81
115 155 94
59 299 2
146 161 53
141 240 73
91 149 3
231 487 82
108 258 68
266 400 93
164 364 45
5 95 100
88 172 84
215 402 56
259 389 30
68 216 73
63 194 42
146 154 87
408 419 71
125 215 27
136 423 21
30 295 68
110 377 32
100 129 59
285 446 32
79 479 33
1 23 49
54 263 30
101 250 76
154 350 31
203 340 5
25 86 35
337 362 47
3 254 34
497 498 52
213 425 71
90 292 92
171 420 85
257 301 54
110 380 29
142 155 50
31 273 89
88 125 0
133 361 16
65 360 81
327 482 77
274 334 19
426 458 26
219 380 63
229 308 80
228 425 57
29 124 88
41 446 50
22 116 2
2 297 82
119 388 91
4 54 13
208 367 96
183 420 97
309 442 98
63 77 28
22 281 28
165 333 63
284 393 44
26 376 52
190 255 66
244 318 90
276 469 73
23 151 29
315 325 98
260 400 24
277 490 68
328 496 14
49 494 77
192 281 98
58 128 75
198 395 94
347 395 17
161 287 72
141 367 7
235 268 19
42 452 21
78 491 31
330 406 93
14 56 54
330 334 13
100 281 60
261 494 68
61 428 32
195 218 12
327 446 13
116 203 0
51 237 12
133 288 8
222 355 50
6 171 76
388 434 19
320 492 80
199 260 13
68 94 78
41 282 3
28 285 41
330 396 19
152 359 85
166 345 34
64 259 100
86 289 99
66 328 91
103 369 79
98 227 84
255 357 31
291 475 66
151 166 3
220 365 92
9 120 49
163 385 54
414 457 86
184 249 15
128 133 78
14 185 6
189 444 50
18 194 43
181 220 46
79 169 30
443 494 29
78 261 65
255 285 65
433 476 73
209 245 28
8 30 68
157 433 57
122 322 55
127 316 54
258 460 58
43 459 42
183 339 10
385 439 100
89 207 12
349 479 82
17 71 98
4 452 9
119 293 90
21 100 39
26 284 80
347 470 78
63 361 55
121 406 68
6 179 40
256 331 73
130 179 16
214 316 85
107 358 86
177 405 7
34 131 58
19 59 53
53 406 89
75 178 11
41 137 52
338 443 87
200 239 47
52 464 6
47 418 67
296 452 58
79 352 73
111 494 24
416 429 7
180 298 43
60 167 99
209 391 38
38 313 89
172 480 42
122 430 8
70 251 90
57 408 60
360 368 66
156 236 84
29 231 86
3 78 25
95 108 66
80 251 94
9 340 52
16 457 3
123 370 44
50 210 49
96 355 27
188 431 81
214 326 17
50 391 88
148 181 8
299 465 71
207 342 70
289 448 3
131 267 55
8 198 76
281 477 86
216 394 39
98 450 100
4 89 23
139 396 21
142 453 32
213 474 81
73 440 58
183 356 68
421 476 82
256 280 90
16 126 58
58 445 65
337 413 23
130 473 3
151 436 83
232 458 77
92 280 56
210 332 40
317 415 81
140 162 15
149 374 97
44 99 39
103 235 60
222 318 6
210 436 11
57 304 85
157 289 95
26 267 69
149 387 0
350 414 72
220 244 83
286 371 35
179 436 87
263 418 72
31 489 75
105 190 51
325 329 82
74 486 73
190 193 57
166 483 75
245 297 13
428 495 59
93 270 46
278 376 0
192 418 9
159 266 21
13 102 14
110 209 38
151 159 50
62 304 7
35 49 17
115 340 79
369 383 11
105 108 16
9 81 39
364 471 15
14 471 19
403 414 12
143 285 92
135 198 42
16 122 51
229 344 65
173 493 49
61 292 57
38 474 72
140 458 18
218 494 95
48 195 5
341 457 87
154 306 8
159 382 43
274 363 10
193 297 89
219 441 58
6 195 75
342 444 48
260 336 91
138 443 88
193 447 49
149 287 2
291 400 7
103 109 76
55 492 85
228 277 57
422 460 8
446 453 9
26 171 21
154 164 29
287 321 6
301 418 70
264 396 37
143 313 93
49 368 45
182 225 32
183 478 67
215 429 62
49 436 79
135 197 47
197 202 73
30 294 28
401 444 89
135 145 63
269 479 50
395 492 39
190 444 19
120 199 37
36 172 0
201 365 45
344 351 21
336 491 0
90 98 16
226 229 72
171 457 76
213 349 12
238 323 60
203 205 13
17 255 49
218 259 0
144 313 91
36 237 77
16 407 20
211 439 74
251 464 94
49 331 13
57 150 46
75 411 62
85 200 34
241 329 18
115 219 82
46 444 57
5 437 45
251 472 59
75 121 84
93 302 39
36 44 28
44 480 82
121 308 12
29 182 26
359 431 62
99 116 1
189 299 92
410 485 88
15 404 69
219 322 82
162 166 31
226 374 66
143 331 1
144 390 90
89 132 14
213 391 76
351 390 33
296 332 3
11 325 85
55 270 14
97 213 49
438 468 69
153 417 61
55 180 79
11 195 80
37 118 37
278 345 12
132 303 4
99 147 87
121 140 70
181 356 62
65 138 15
73 360 81
348 386 84
262 435 20
85 119 62
382 437 79
76 498 12
237 275 75
78 87 45
240 299 80
90 125 40
137 150 92
46 73 48
193 315 23
177 222 1
5 210 27
440 498 91
223 285 62
292 443 72
25 264 67
429 497 7
147 303 43
60 147 8
310 320 78
79 184 85
219 479 56
55 248 73
217 447 89
181 301 61
35 343 9
298 380 17
105 383 67
184 487 22
354 401 16
57 135 82
174 401 17
292 419 79
265 399 51
292 427 84
23 320 97
176 355 41
75 266 35
317 334 15
349 437 44
419 446 7
43 101 81
280 495 76
23 485 34
77 249 96
190 285 25
63 342 95
286 337 33
105 399 97
11 215 16
306 478 9
254 488 83
304 419 14
181 367 38
108 395 73
46 480 76
11 497 72
34 230 42
74 496 35
16 116 27
1 4 81
259 448 12
65 267 32
33 110 66
103 382 98
255 435 98
348 377 19
26 77 9
53 142 6
44 158 75
448 483 57
29 418 40
152 178 76
182 223 54
42 444 66
51 60 15
142 335 90
62 195 48
75 433 73
236 347 75
174 348 55
58 259 96
4 56 82
304 459 11
320 442 78
3 116 68
250 473 94
124 206 77
82 417 44
5 8 4
119 282 32
85 391 12
375 404 62
173 470 75
2 446 38
249 430 31
401 448 58
182 253 77
26 82 61
66 356 59
415 451 24
191 230 16
36 121 31
301 496 79
66 378 1
13 476 30
127 177 67
286 485 6
208 440 49
319 438 64
90 491 56
151 352 7
134 229 68
224 477 92
372 465 100
153 247 80
143 420 82
102 204 44
342 436 94
80 328 3
285 432 72
83 139 84
135 170 9
10 128 96
312 487 3
272 394 8
92 262 97
141 357 46
256 478 20
60 121 98
83 234 76
365 478 91
286 345 78
342 361 43
107 163 38
371 479 28
182 494 99
90 139 87
331 431 57
99 216 63
76 98 17
320 352 77
340 430 70
37 452 56
124 315 47
62 403 86
33 461 38
158 273 42
34 163 98
138 282 17
189 363 14
129 197 44
268 362 81
236 422 8
83 231 71
100 337 38
55 133 16
191 252 65
372 481 25
228 246 83
139 270 84
264 306 13
51 78 87
243 322 83
343 487 51
229 493 38
178 332 64
321 425 41
120 347 8
373 491 27
105 484 88
23 42 39
198 330 89
45 304 58
60 397 99
274 414 27
24 295 22
201 414 12
77 135 10
52 340 1
89 187 5
124 181 81
12 373 37
20 36 95
69 157 83
395 404 15
94 162 27
161 340 54
68 183 0
328 408 40
208 436 41
17 69 69
24 90 95
56 162 35
91 492 59
6 272 55
389 398 54
105 379 2
67 400 21
75 255 97
116 332 39
33 297 52
481 487 19
106 198 24
53 418 94
344 454 9
391 431 77
461 476 28
313 343 90
179 395 78
293 449 39
199 441 37
369 453 32
73 238 57
206 304 3
87 334 28
138 417 93
74 383 26
247 265 74
359 421 51
156 442 8
145 361 18
438 439 43
439 452 70
299 371 49
226 242 90
158 289 55
78 173 90
204 297 13
282 377 91
2 238 53
181 346 86
48 484 21
5 336 38
12 419 99
41 214 57
416 492 45
165 332 70
179 419 63
62 346 15
186 365 93
44 265 47
150 400 52
190 295 98
227 462 46
309 321 2
279 290 64
397 424 85
67 401 54
21 477 74
225 333 85
145 415 66
2 168 41
150 218 61
254 259 39
129 441 58
431 453 55
153 293 62
112 211 41
475 476 92
145 215 34
10 143 99
177 244 71
41 118 14
80 130 79
51 55 5
335 422 81
187 195 31
365 488 55
194 424 4
302 385 22
338 419 3
75 464 68
116 309 11
181 311 69
145 471 60
100 199 35
208 382 62
139 217 49
422 492 49
390 480 43
118 277 51
239 260 39
18 245 10
11 416 4
1 440 58
244 379 78
475 479 56
177 250 93
13 150 81
93 242 42
144 234 63
50 319 64
81 406 62
161 472 70
187 413 8
60 369 66
83 493 33
68 354 40
218 257 67
324 498 66
153 275 77
364 449 36
179 356 74
26 140 96
165 451 24
245 433 98
91 137 44
77 355 72
72 336 27
37 455 93
109 471 77
363 469 23
472 496 35
259 365 63
2 382 97
16 433 79
475 484 53
76 239 62
41 258 75
379 473 73
265 479 8
144 272 79
3 185 53
188 241 57
107 402 17
97 117 25
7 10 22
266 364 57
125 245 64
242 421 53
322 485 44
82 492 25
204 493 4
119 204 48
125 197 25
82 102 53
41 301 30
81 413 67
388 460 79
38 57 3
173 282 52
130 458 99
254 436 94
173 427 10
338 497 10
12 448 74
213 424 77
106 154 61
59 82 87
106 291 52
328 452 97
170 302 41
71 176 63
21 281 13
297 326 69
61 327 8
41 352 55
60 91 15
364 446 19
182 417 88
230 307 92
108 486 49
58 277 6
492 496 78
8 96 59
77 131 62
83 495 75
79 232 70
75 213 26
149 198 90
340 470 41
234 300 50
121 361 2
213 260 86
263 491 15
321 414 78
113 274 28
282 285 84
252 482 69
43 489 33
306 337 71
131 182 79
27 171 95
310 351 52
388 423 34
301 441 43
105 316 85
227 228 94
145 216 18
412 437 14
190 415 2
303 427 31
38 336 77
38 100 97
15 124 20
69 304 45
49 252 24
149 188 54
34 385 33
60 127 20
145 344 14
210 302 92
155 202 77
264 275 13
14 47 28
95 287 22
58 481 85
385 453 3
431 445 23
137 440 17
79 255 63
468 485 36
81 209 28
245 380 78
319 389 40
9 400 2
9 418 21
327 366 80
346 477 50
260 419 23
163 333 52
229 403 4
399 479 90
192 316 68
44 126 16
132 456 88
299 415 87
18 27 5
242 426 60
302 466 21
16 182 39
3 37 78
77 227 14
29 91 75
91 351 74
101 495 28
94 247 69
49 236 43
302 396 76
195 447 9
408 470 46
167 169 96
135 307 50
38 40 15
427 488 8
149 239 35
461 465 55
8 57 73
130 241 21
57 266 13
206 458 15
167 255 10
303 405 61
34 114 95
266 319 32
203 327 51
267 457 46
139 206 13
299 381 24
71 197 42
311 313 4
142 485 64
156 226 49
12 96 48
239 292 90
196 265 4
202 267 39
124 432 54
126 129 66
354 448 31
105 123 83
2 440 14
267 442 6
96 325 89
8 390 88
398 436 18
157 463 28
206 439 60
168 418 18
240 283 22
391 475 33
234 445 83
7 391 36
193 464 31
80 425 78
333 349 14
33 309 69
298 397 47
70 155 84
56 155 54
57 378 86
88 293 86
270 448 34
67 372 90
44 140 89
209 374 8
230 322 32
178 188 71
180 349 98
24 319 80
14 135 18
83 220 64
130 431 13
97 388 4
196 395 61
242 370 70
350 462 90
244 442 48
174 312 40
315 493 42
36 321 19
46 135 24
331 430 23
392 435 72
215 362 20
124 321 99
137 406 86
201 401 71
117 453 79
56 247 90
148 289 70
74 242 66
264 451 51
181 358 25
280 329 74
177 203 48
32 130 87
4 347 80
61 425 94
136 272 44
22 311 19
102 374 71
138 280 79
252 304 17
217 359 23
85 169 32
151 302 63
143 463 3
336 425 83
283 433 87
205 318 29
215 442 63
18 244 60
310 359 14
278 415 61
242 264 27
234 422 79
89 312 74
282 415 24
318 496 50
252 308 52
270 390 72
63 116 60
47 182 13
134 333 13
165 177 60
97 164 100
302 428 58
399 403 36
216 246 38
311 435 89
225 337 68
130 183 54
116 280 41
118 450 35
315 345 45
105 110 99
281 359 44
93 416 32
26 124 89
2 199 67
113 437 29
49 475 8
241 418 65
128 261 69
374 438 38
110 331 16
210 321 62
37 453 16
224 341 62
84 292 7
48 370 60
147 338 13
160 454 78
109 321 100
81 90 13
287 379 31
101 180 53
129 352 37
120 434 41
140 475 59
279 334 2
187 447 43
189 193 77
74 360 15
33 165 57
152 495 97
193 366 38
137 372 39
19 250 57
15 66 62
166 179 59
14 396 93
267 466 95
215 344 58
349 494 69
180 470 90
35 419 28
163 467 84
98 115 7
368 482 95
244 470 4
233 355 44
207 214 12
396 426 57
402 416 1
119 422 22
125 342 8
287 433 43
177 426 54
95 431 0
293 337 60
100 382 76
247 481 49
245 495 83
334 446 80
85 226 45
259 494 19
344 364 20
134 497 45
75 436 93
269 281 18
31 180 63
241 445 50
14 107 31
180 414 58
64 411 31
207 384 56
129 355 2
19 176 16
385 457 39
176 197 91
36 445 15
119 218 49
157 467 70
191 343 77
120 250 29
203 273 38
79 406 81
130 329 73
168 466 66
13 376 52
350 367 91
61 166 61
229 477 28
21 47 44
91 476 43
56 149 83
35 422 13
4 42 23
388 415 33
283 449 39
160 317 61
41 69 43
187 232 97
139 447 65
443 461 91
34 149 54
108 271 65
349 461 74
343 367 2
150 172 25
184 326 53
386 398 60
33 398 12
235 239 17
46 80 34
172 215 20
95 379 95
379 468 79
66 71 14
118 423 35
490 497 71
213 466 19
108 462 28
179 323 80
158 245 91
143 490 92
278 355 8
56 420 54
129 139 96
186 496 43
350 362 83
49 199 56
265 480 22
48 490 7
29 408 87
301 405 53
212 282 12
49 382 19
125 361 22
371 406 7
221 341 85
228 278 88
185 358 64
395 441 57
4 267 54
229 364 69
137 260 62
251 492 20
352 465 28
321 451 29
341 382 25
417 447 88
270 387 92
480 497 1
61 471 29
296 354 75
68 428 39
1 277 22
306 412 42
56 246 72
228 417 3
108 318 62
278 427 79
286 447 68
227 323 17
124 131 74
81 339 11
316 443 4
85 495 72
58 289 37
104 496 70
201 347 8
95 369 54
95 458 81
151 200 4
141 409 39
166 434 65
118 232 38
387 422 66
86 322 67
139 176 84
332 423 20
315 396 13
374 406 90
16 25 24
436 458 54
126 242 94
296 438 21
32 313 22
143 338 69
79 227 31
160 232 7
44 209 46
148 290 66
164 479 70
74 211 84
17 123 53
234 362 69
236 356 41
92 303 96
94 258 32
118 494 89
34 37 0
105 434 55
139 258 82
168 367 71
66 153 27
19 98 3
145 369 61
208 240 78
11 476 28
293 435 58
176 308 39
67 467 10
185 200 62
351 439 67
6 277 98
28 230 26
100 461 7
13 319 10
82 118 32
194 244 39
131 320 24
2 311 58
51 163 80
242 429 12
45 81 2
334 381 75
4 242 87
46 100 74
284 287 43
340 402 2
48 81 41
6 393 51
44 379 45
108 199 24
11 384 28
43 172 65
75 88 71
23 163 94
169 267 47
31 282 5
206 289 92
204 311 2
354 419 81
303 433 23
418 442 45
241 454 42
182 251 17
115 334 1
298 396 96
44 281 88
192 259 1
121 127 84
18 324 1
44 250 58
67 236 19
434 476 82
100 368 44
188 311 38
396 412 92
347 402 40
327 468 48
31 223 54
221 333 29
309 494 51
41 448 94
13 19 15
100 302 77
398 431 85
98 435 1
50 397 21
235 349 25
158 395 71
269 280 61
243 400 41
161 421 100
266 404 54
25 283 10
25 426 60
75 86 29
248 337 36
75 148 28
96 375 16
112 366 38
326 361 67
272 381 42
5 245 15
70 461 76
265 469 21
20 140 42
110 285 69
252 416 96
24 209 38
23 175 19
68 453 15
58 221 76
87 134 78
460 464 59
359 451 67
101 270 92
318 354 32
139 196 99
212 403 68
111 468 28
157 236 30
313 323 1
82 382 28
229 274 0
252 465 3
236 478 22
161 250 13
63 186 73
236 491 10
77 99 61
77 368 11
327 346 28
383 408 16
247 418 46
56 298 12
346 442 86
183 354 42
219 321 68
188 196 29
43 166 31
311 364 91
30 278 50
208 426 14
175 259 91
171 347 98
21 396 32
239 375 51
37 142 69
114 433 13
92 214 60
24 463 31
175 440 16
32 344 14
173 494 22
155 289 53
191 310 82
87 262 91
43 269 39
249 327 31
143 350 20
394 456 50
151 160 0
344 473 5
134 281 6
90 412 40
84 104 83
97 273 41
83 382 54
134 221 97
191 481 72
141 334 45
158 430 31
92 130 37
409 437 76
136 275 54
25 298 82
139 340 95
486 495 1
271 364 75
113 340 3
1 132 92
376 455 3
309 443 25
90 158 98
42 495 9
62 357 59
68 435 1
172 421 15
207 312 25
330 371 68
488 495 39
221 419 73
199 345 81
57 185 94
269 374 46
201 437 48
346 393 51
157 428 26
196 385 72
246 397 77
430 486 25
123 399 68
363 401 32
192 220 72
31 126 14
88 335 7
127 294 63
290 341 24
216 414 18
87 209 23
36 462 2
273 361 50
77 486 42
153 343 74
243 398 77
61 161 85
7 469 98
167 286 43
288 469 24
360 414 61
296 424 36
172 428 74
102 327 10
236 261 100
104 398 97
215 298 58
122 452 73
204 355 50
285 468 76
257 271 10
323 431 96
387 456 54
282 310 67
277 492 45
11 246 72
82 248 44
39 224 25
129 239 3
237 326 4
129 200 84
274 405 8
227 318 95
20 156 64
30 177 58
436 486 53
66 412 80
256 260 4
25 281 75
77 404 76
162 389 51
13 306 31
163 337 29
265 454 3
43 374 92
30 339 8
316 368 71
66 80 7
477 490 60
300 318 38
7 155 54
92 107 89
108 177 7
368 485 52
39 158 71
278 460 52
45 328 100
215 457 22
23 426 30
2 283 80
19 166 16
99 308 15
170 489 82
221 292 56
190 434 33
219 383 86
146 195 88
138 239 85
15 403 88
83 178 28
42 215 14
263 490 59
69 396 56
3 399 69
11 250 77
174 438 79
27 184 34
279 332 61
211 218 14
3 11 10
305 391 54
119 179 92
344 432 33
47 252 21
307 424 53
276 310 92
261 315 22
40 261 65
190 323 80
68 110 85
171 449 78
147 472 36
68 401 92
337 390 27
202 498 45
319 373 53
122 350 24
46 75 57
379 403 64
65 278 97
234 426 14
30 183 95
184 468 6
73 384 36
463 486 77
75 292 25
170 240 82
443 463 1
201 236 81
71 177 96
358 393 72
35 38 19
86 264 3
310 334 11
20 472 27
117 154 62
173 361 14
23 51 83
40 365 0
292 410 53
386 463 21
264 287 48
292 491 71
63 282 81
199 390 3
239 373 29
43 98 29
192 441 28
158 402 99
169 428 6
142 461 88
78 350 57
90 474 15
36 453 64
258 269 55
374 408 73
23 261 4
180 475 91
231 346 25
294 450 15
202 206 91
304 366 91
107 466 10
140 327 61
69 197 80
217 320 85
125 463 67
218 431 30
54 256 20
123 382 78
270 415 5
237 347 94
265 303 49
218 491 0
96 292 9
83 347 30
64 320 79
442 463 5
77 271 60
77 288 43
11 12 76
51 138 90
81 184 15
231 403 10
193 196 41
15 359 85
217 271 47
40 299 23
262 270 6
191 462 97
35 432 0
165 271 79
35 420 55
215 217 72
347 396 13
78 330 38
300 418 14
35 228 37
116 430 77
34 147 23
463 497 71
23 466 40
50 268 47
185 212 70
45 55 88
3 141 26
230 451 50
108 467 76
364 426 73
423 496 5
395 450 37
244 297 56
201 479 51
352 424 69
181 366 80
143 416 90
116 477 49
161 497 95
231 233 26
303 489 95
19 32 89
431 466 64
264 292 61
138 478 89
181 325 37
344 387 86
190 327 0
322 408 89
7 422 34
102 338 64
160 322 7
12 280 94
90 493 2
79 140 94
150 256 61
249 250 18
65 395 11
472 482 30
141 402 12
35 285 32
468 490 50
24 320 45
378 449 10
336 446 9
17 484 87
58 370 88
235 427 9
308 406 61
83 293 9
110 174 67
346 491 8
350 498 4
311 395 74
77 417 74
322 368 25
227 236 74
57 483 94
104 469 27
251 343 72
184 305 36
177 311 0
245 358 92
229 262 25
238 310 58
6 230 70
88 271 7
196 493 25
45 156 84
409 429 72
379 493 24
120 382 92
92 468 93
235 316 24
98 445 15
276 341 82
167 251 17
205 374 66
81 205 40
52 424 85
136 356 31
112 221 35
81 384 7
402 458 50
230 351 56
106 310 99
46 463 52
201 239 36
24 236 88
173 328 49
287 460 36
182 192 49
141 490 90
213 270 80
29 275 24
122 483 86
312 443 75
349 464 23
113 354 26
455 466 69
76 388 28
237 300 50
4 498 43
203 348 28
224 351 18
97 277 60
115 204 17
176 264 78
106 458 7
87 387 0
379 450 38
159 208 21
43 96 9
232 415 96
355 478 22
71 220 66
406 456 63
161 355 77
423 439 22
164 444 38
169 447 97
26 437 44
437 462 5
215 262 14
222 493 54
162 465 32
195 360 21
317 337 72
152 177 49
34 433 24
377 482 82
114 288 7
266 330 11
66 228 46
115 140 24
94 484 6
46 354 27
140 268 78
213 379 2
72 144 85
190 219 31
145 398 75
246 416 61
142 293 99
111 206 28
320 448 3
348 357 15
106 312 81
312 367 83
245 315 49
253 306 62
48 111 2
295 301 36
70 101 37
28 403 5
135 464 94
315 408 38
192 401 10
54 133 55
173 269 18
50 84 93
401 478 86
278 406 29
114 245 28
292 331 7
169 304 55
112 205 31
289 337 61
297 339 27
36 248 40
28 202 22
121 182 73
322 352 16
150 197 66
296 449 88
6 101 48
240 244 38
48 92 29
33 384 8
146 174 66
21 174 69
88 465 74
135 395 20
223 235 70
53 187 19
7 251 46
137 479 9
126 240 84
371 432 70
84 186 36
10 333 29
164 206 86
267 470 37
201 293 31
242 413 95
304 495 36
134 369 94
313 374 39
20 190 54
135 224 61
402 480 78
87 273 25
174 296 18
481 484 93
252 396 22
16 316 85
323 370 44
34 496 31
414 498 7
66 392 77
384 492 91
126 493 48
169 232 96
240 300 20
162 303 68
187 328 43
173 387 81
26 350 56
233 348 45
4 305 39
282 449 5
114 232 48
48 304 18
243 353 39
31 274 71
64 187 64
161 270 34
320 478 95
58 102 90
102 336 1
115 157 7
104 188 83
60 292 80
164 299 88
97 201 88
45 365 40
427 496 17
95 364 14
123 444 29
12 367 83
316 390 78
35 425 71
171 323 54
306 495 50
395 408 44
286 319 29
269 325 70
82 234 85
136 459 35
145 147 4
80 169 72
244 269 22
241 289 92
108 409 62
309 400 3
112 338 11
188 424 66
337 352 31
254 454 40
231 234 32
97 434 6
218 310 90
5 472 70
3 26 88
149 200 69
145 274 65
132 218 51
189 325 62
32 159 79
187 313 49
233 469 34
360 447 51
110 243 47
325 431 88
145 149 1
50 478 81
231 466 83
186 462 4
193 298 38
377 434 40
284 345 70
17 354 20
106 249 89
213 262 64
5 421 1
55 139 75
167 494 36
111 291 55
101 293 65
317 339 67
66 337 6
271 306 51
1 268 73
32 85 63
203 328 51
149 408 83
265 353 68
144 146 44
241 281 93
149 421 95
18 137 29
113 162 67
75 123 39
239 466 71
113 351 78
346 480 96
8 56 61
135 252 33
375 497 16
47 130 80
95 138 37
23 318 78
228 338 66
153 438 16
237 355 88
163 235 36
213 283 37
147 322 83
279 377 8
73 95 68
71 411 5
326 379 89
41 60 72
253 397 57
249 251 59
143 166 21
319 418 67
371 388 4
135 367 74
142 146 68
314 448 57
211 391 40
196 410 24
304 405 78
204 430 14
119 267 48
84 467 51
129 469 70
22 82 85
79 93 60
56 235 52
80 314 45
47 331 33
30 392 90
260 457 82
127 157 47
58 365 4
258 471 5
87 463 39
175 408 33
13 87 99
251 484 19
343 472 69
93 320 52
259 390 2
2 496 69
110 470 74
192 354 90
93 315 89
42 147 49
74 339 62
321 339 12
232 356 9
74 312 21
292 488 2
34 190 31
220 301 87
238 356 0
1 424 50
111 242 55
209 235 37
331 413 25
16 107 5
285 377 20
377 432 2
142 379 20
190 402 26
59 324 23
218 226 59
91 248 23
100 402 59
149 303 25
139 304 57
86 220 12
113 331 99
62 93 90
350 388 100
131 271 66
227 350 35
84 172 66
154 179 91
204 344 10
79 328 61
21 22 16
9 174 28
60 178 53
7 35 42
259 267 89
149 385 4
9 43 2
6 224 96
157 173 87
213 419 93
101 188 0
176 185 14
74 324 69
257 360 29
231 235 36
87 173 91
32 243 31
273 358 21
70 93 44
33 220 57
65 362 2
37 467 74
175 293 90
289 371 32
413 447 68
124 274 89
369 391 23
323 445 91
60 373 59
310 392 28
114 254 45
231 278 56
409 445 26
134 360 63
94 218 26
84 162 19
273 297 40
62 366 85
4 328 9
46 496 37
326 460 100
84 446 87
420 430 61
242 489 97
78 423 1
174 321 55
50 492 25
86 363 39
257 275 50
394 438 70
25 85 53
46 257 81
78 351 56
233 285 41
44 306 99
209 410 9
367 402 4
279 409 77
178 474 93
149 277 12
362 468 67
33 35 70
256 400 77
168 435 78
251 422 75
43 234 38
46 272 93
357 431 90
67 176 47
413 471 32
213 411 34
437 448 24
349 393 65
203 341 70
315 341 50
391 407 58
170 453 11
127 264 19
78 272 13
239 330 29
189 351 80
231 245 70
37 40 53
58 485 38
243 336 67
111 340 65
1 443 12
197 297 94
280 475 68
144 311 81
5 120 79
152 410 10
49 89 84
87 286 80
214 392 73
91 280 21
49 275 43
266 478 2
56 459 2
272 312 95
38 369 68
13 153 86
266 407 55
336 416 40
69 230 11
21 329 56
95 201 79
62 218 60
88 478 82
443 473 72
77 498 30
181 289 24
350 375 100
2 32 68
288 489 88
7 420 24
127 173 21
258 262 5
23 252 67
249 311 29
202 219 19
258 371 75
160 166 60
133 227 66
297 465 40
192 482 67
229 261 43
116 466 43
181 435 80
184 199 90
95 102 34
134 446 29
104 211 78
84 174 94
45 66 90
108 399 88
87 236 64
292 454 23
199 377 54
72 212 61
160 254 49
88 409 69
221 246 11
142 349 20
341 409 58
162 407 39
139 235 70
80 83 100
76 197 39
298 455 4
89 291 21
234 405 44
13 131 56
24 372 46
125 240 61
177 228 59
287 348 3
412 459 58
171 299 12
415 468 100
24 85 30
481 495 97
59 405 57
254 392 71
382 471 48
65 409 10
96 454 90
275 373 80
191 275 7
59 153 57
420 468 81
122 174 19
169 484 8
251 423 76
267 464 47
219 309 43
16 76 86
35 198 86
56 304 93
306 429 50
100 208 38
322 385 4
260 358 15
68 74 81
24 245 72
244 397 23
148 271 0
135 162 3
173 401 75
99 458 79
83 98 36
168 211 1
122 348 3
270 352 65
166 190 50
38 138 26
231 263 16
43 265 71
113 393 48
139 245 51
30 192 91
75 142 78
169 477 54
89 354 1
347 479 44
84 320 11
167 457 0
117 239 3
290 450 50
343 370 1
253 351 34
136 332 88
12 357 32
179 374 17
216 360 17
218 247 34
160 283 42
55 113 12
265 269 1
70 498 19
242 273 48
58 189 92
291 450 32
1 13 62
453 483 89
135 230 50
350 413 95
68 101 43
73 136 86
182 422 34
387 426 79
30 155 11
349 459 78
21 250 39
142 467 15
52 345 18
435 497 67
49 75 91
6 397 53
357 484 96
138 490 72
92 316 94
77 427 82
214 268 7
267 344 58
192 390 67
208 498 46
254 258 76
92 259 10
82 246 89
85 365 89
156 305 92
20 61 2
43 68 66
200 240 29
459 470 12
287 358 10
400 489 100
361 394 40
300 319 13
28 205 58
279 412 8
87 188 33
365 463 26
27 197 53
14 269 70
100 279 11
154 417 22
101 307 96
100 277 4
332 490 47
149 253 22
191 315 47
264 368 96
126 446 10
141 256 2
302 406 38
30 498 43
6 225 16
89 370 91
339 484 19
205 209 19
326 425 64
187 281 61
134 177 50
116 409 27
258 461 21
300 380 16
222 242 1
142 196 27
283 315 22
80 481 34
316 409 26
389 437 83
43 190 17
133 493 47
136 211 15
14 467 26
365 396 46
293 492 7
27 326 42
59 289 33
175 345 50
62 476 62
300 368 40
12 304 60
175 374 77
50 222 71
24 306 91
295 459 100
225 267 12
35 200 23
116 394 64
374 385 55
242 405 38
131 316 69
153 374 65
14 448 44
192 222 76
278 405 50
280 449 77
60 243 68
158 217 31
37 384 83
267 345 51
177 180 31
260 405 13
144 453 31
125 391 88
39 169 74
61 129 71
421 474 67
63 326 34
114 235 5
77 199 0
242 337 36
42 49 52
20 84 38
73 100 55
23 98 21
342 423 83
49 492 95
250 410 95
61 74 26
192 434 28
481 489 39
117 280 53
8 394 90
410 466 83
10 257 17
80 172 75
203 471 70
37 433 24
167 486 72
17 49 76
188 275 75
86 449 29
43 51 4
202 249 2
15 247 90
2 85 2
291 371 29
174 346 44
64 178 62
97 372 61
24 29 28
79 350 17
133 489 92
194 324 1
208 438 15
146 229 39
212 350 37
136 405 13
78 131 15
213 307 89
174 220 24
226 457 73
183 234 40
378 475 47
148 376 3
186 429 67
89 316 5
266 418 98
110 207 58
111 169 85
70 199 23
68 301 36
115 304 0
46 258 87
359 363 31
64 176 20
33 58 68
405 437 83
227 285 6
70 88 90
141 373 5
224 421 17
308 390 8
199 209 30
129 173 70
79 466 19
103 190 74
384 485 53
420 476 51
154 299 38
24 307 74
203 369 99
97 156 38
42 46 25
197 207 26
159 223 22
237 338 80
435 461 4
3 112 10
304 425 94
153 158 67
164 311 49
162 310 95
78 436 85
352 414 88
79 300 24
204 485 70
419 469 88
69 420 94
317 434 15
121 328 97
54 429 76
136 149 68
429 473 30
164 264 96
46 439 8
124 488 50
124 292 38
181 318 72
184 189 92
82 321 45
163 219 60
118 479 20
128 469 50
212 304 36
326 450 11
179 225 46
8 103 36
97 410 51
7 247 47
180 400 35
104 357 74
118 330 4
397 464 94
155 286 26
252 328 56
201 313 56
113 431 63
91 339 19
409 453 94
27 138 58
302 357 38
100 474 90
102 364 29
21 39 11
45 299 25
92 148 5
178 305 95
49 440 70
223 322 71
262 459 25
111 486 21
235 476 78
251 349 85
152 204 70
99 103 68
170 351 61
4 394 75
96 162 74
181 210 61
242 279 11
142 458 85
47 185 67
105 165 74
153 198 51
370 474 24
417 420 92
66 198 99
33 114 8
239 483 17
297 357 51
299 393 51
92 112 82
296 439 87
168 359 0
19 423 71
41 425 34
65 240 81
111 420 48
252 427 40
163 450 49
123 167 98
27 120 37
309 416 71
21 190 88
178 241 82
317 384 98
13 144 19
220 322 40
34 153 13
287 493 15
334 380 51
355 487 1
124 186 31
160 173 5
175 410 93
408 482 27
190 423 0
117 159 59
68 78 32
143 215 95
58 73 61
22 213 65
44 176 58
26 61 49
415 472 83
1 51 99
9 193 44
344 366 98
327 368 70
274 469 80
142 152 38
5 459 72
238 320 74
173 455 66
55 283 79
12 467 13
109 138 7
464 498 96
159 267 69
366 407 92
179 480 96
31 371 79
52 320 27
23 450 73
138 488 78
180 300 69
229 310 17
112 183 70
67 345 15
117 232 60
69 314 27
29 401 37
225 425 9
79 105 89
400 454 5
5 478 20
173 297 15
251 262 71
337 496 31
112 168 27
143 358 49
400 425 15
307 308 21
14 261 47
379 461 18
269 364 42
293 320 18
54 411 61
178 385 23
39 276 21
35 75 16
164 450 9
165 425 6
300 419 93
71 339 22
224 346 79
365 420 37
58 462 43
62 295 67
211 450 15
38 462 45
52 275 35
111 330 65
230 429 41
282 441 67
226 426 46
54 437 58
401 473 0
98 465 68
271 403 25
306 410 52
186 486 51
34 375 38
298 433 75
163 319 33
352 496 65
388 455 25
204 309 76
278 410 96
94 374 97
26 333 88
255 492 75
95 270 5
182 333 54
142 212 38
301 320 82
137 400 6
64 221 84
122 413 26
13 321 28
141 391 21
406 460 32
67 421 42
57 111 49
154 396 81
79 306 76
58 387 100
290 430 70
108 189 94
20 94 5
122 234 1
39 205 46
77 152 51
367 483 61
70 129 93
208 337 69
307 479 63
299 307 80
57 129 24
113 398 8
140 298 81
17 433 85
110 447 42
10 389 15
27 45 13
155 273 99
343 471 9
72 451 35
141 284 5
345 383 87
6 348 13
73 414 99
92 490 94
44 452 92
135 214 6
218 277 70
13 226 42
35 139 4
451 465 7
156 279 73
318 325 25
184 410 86
311 492 33
14 15 42
326 385 87
39 180 15
125 162 26
236 273 42
107 262 15
224 449 5
192 235 53
287 456 12
185 299 71
151 300 28
65 402 43
179 262 69
144 373 85
397 426 51
184 452 58
201 487 42
320 346 78
222 421 69
285 481 40
146 356 27
284 338 9
24 134 88
221 497 64
37 260 79
37 278 22
62 488 54
317 495 35
206 369 59
98 334 12
377 472 61
57 376 20
11 379 100
106 161 63
289 425 75
92 176 62
182 480 18
30 397 82
35 433 26
383 430 77
83 248 3
86 105 87
432 484 74
3 242 96
104 399 11
160 182 13
189 385 7
47 443 34
67 134 18
56 479 71
84 349 25
172 393 82
341 443 22
407 443 34
376 392 24
381 456 75
21 253 38
311 387 18
75 454 50
49 240 19
223 396 41
123 130 60
120 282 15
90 187 68
39 114 29
129 209 17
81 337 25
414 448 74
119 427 5
119 474 66
99 214 43
54 154 69
205 447 0
288 330 86
48 441 24
325 403 74
256 312 69
451 470 81
154 491 88
117 183 10
103 453 32
200 382 33
13 58 99
239 473 3
23 177 98
125 461 99
79 198 15
333 407 73
296 497 26
10 371 10
188 207 23
109 239 16
39 421 61
138 144 5
327 457 3
182 319 33
131 405 81
19 393 82
215 321 78
276 327 9
273 342 83
221 296 53
47 140 44
45 330 66
242 488 29
261 484 44
268 438 24
150 225 84
361 456 71
422 424 67
281 469 47
32 465 43
48 378 76
213 314 28
228 413 78
251 448 9
188 322 11
304 426 37
388 498 19
275 299 36
304 356 23
23 491 21
233 328 93
294 360 12
245 330 47
2 488 46
274 393 58
146 240 16
137 404 68
90 323 69
27 427 48
289 426 93
8 205 82
55 90 58
212 258 23
165 397 88
6 88 26
397 441 88
185 310 44
193 346 46
10 373 79
251 356 37
266 378 75
256 356 40
66 427 50
70 205 67
151 476 5
200 208 82
369 425 62
330 384 83
19 82 63
94 123 88
186 254 41
383 411 16
208 427 56
110 153 32
71 103 13
101 273 51
255 393 73
25 327 51
22 447 6
201 475 62
112 276 68
10 71 15
77 353 9
57 437 3
112 134 76
353 464 99
360 453 50
44 144 89
228 336 28
286 350 96
43 217 19
234 399 30
20 165 61
414 433 16
248 459 92
16 372 69
281 483 65
10 205 97
50 353 70
48 405 17
132 404 82
70 459 43
187 291 83
335 439 5
117 142 90
183 497 29
45 463 15
212 230 69
125 169 12
124 173 52
373 461 74
266 288 83
238 297 87
159 492 6
420 452 44
136 233 5
173 175 17
110 459 71
271 282 19
358 442 7
94 128 89
154 469 75
323 354 51
31 210 85
167 440 63
69 477 30
282 475 76
59 214 82
74 191 75
338 376 64
22 346 72
262 489 75
368 375 72
5 7 70
117 294 70
251 414 91
311 367 54
104 335 92
16 328 33
215 417 100
294 480 37
142 217 37
78 340 84
138 277 36
322 343 46
114 323 72
210 388 4
318 430 27
55 217 84
22 205 8
312 386 31
70 94 92
210 286 16
286 305 32
251 269 71
191 305 6
44 296 33
133 259 44
39 132 56
58 155 85
396 457 65
37 56 2
242 341 84
69 496 5
20 136 70
103 296 94
168 181 52
32 51 84
84 165 18
394 401 16
243 286 7
8 74 44
305 410 78
203 275 48
144 492 59
237 433 58
11 409 99
25 165 26
120 403 64
203 470 43
111 369 100
70 102 42
24 97 93
120 285 6
273 441 99
100 326 99
32 279 85
306 480 38
113 208 58
386 444 64
82 270 21
199 329 14
369 474 91
401 492 6
71 299 70
76 397 25
292 490 62
311 389 71
209 224 79
197 332 99
186 491 35
156 452 49
241 255 24
16 441 64
156 230 67
447 464 38
260 427 7
297 458 36
98 381 69
227 388 21
199 266 17
225 230 27
11 47 70
61 385 11
210 242 92
345 381 50
205 375 58
40 120 6
267 439 88
192 322 62
151 233 14
94 325 1
180 304 87
438 440 55
53 364 59
103 104 11
13 498 43
190 204 45
39 207 8
111 323 42
153 249 96
246 384 90
228 244 32
234 305 41
187 260 38
351 453 77
272 467 55
325 382 54
279 314 50
287 374 27
46 461 38
146 304 90
100 252 18
206 379 94
47 349 25
21 240 40
20 116 64
54 92 36
48 448 56
103 471 98
308 488 55
188 433 19
138 460 16
138 387 2
253 346 72
235 341 95
92 156 72
162 345 38
342 412 92
234 490 89
340 440 74
355 468 11
291 421 17
71 89 27
96 483 38
105 407 37
390 405 75
114 248 64
475 495 35
132 372 15
187 402 94
293 295 50
260 349 51
401 479 96
94 290 83
24 79 95
2 41 73
101 393 29
146 168 50
141 147 33
173 184 83
135 180 12
269 465 60
442 462 94
291 317 15
212 463 51
77 78 61
453 484 67
145 432 58
297 479 47
84 352 69
317 343 40
385 438 1
9 343 87
36 411 27
52 495 98
148 355 21
326 477 79
272 275 21
17 478 94
273 393 82
27 28 96
144 187 23
124 444 80
350 437 12
104 460 42
190 388 30
114 361 89
338 430 1
34 179 98
163 277 22
205 408 6
158 487 23
354 492 71
35 300 5
14 178 94
125 268 96
280 333 46
136 338 31
269 441 74
304 381 1
89 279 18
246 275 4
4 357 47
342 376 79
170 313 93
128 438 43
144 172 73
361 366 97
183 372 61
6 454 69
177 349 64
34 254 17
203 357 100
236 441 94
66 69 25
338 460 97
156 494 20
91 322 6
59 407 10
144 303 51
73 113 48
360 389 100
250 396 11
394 491 96
151 158 74
222 272 47
399 461 4
173 264 68
350 419 82
110 413 33
17 323 97
152 392 86
470 491 63
36 70 2
117 263 56
47 159 27
154 184 96
202 475 60
267 489 60
65 195 6
12 476 3
360 395 85
90 282 24
22 380 36
26 174 39
20 337 40
58 414 40
319 408 50
186 282 25
93 345 27
205 308 46
217 402 72
333 440 74
9 22 76
89 465 80
70 313 76
240 426 1
136 318 76
39 347 11
189 333 11
181 319 23
5 410 91
252 333 55
322 480 29
206 260 8
232 272 100
49 102 45
248 357 43
24 322 97
28 478 13
46 124 74
79 414 38
349 420 2
124 165 16
150 304 94
245 256 76
21 142 99
172 217 57
13 208 72
165 185 19
134 204 51
103 290 31
132 172 64
194 330 35
329 408 21
138 315 56
226 463 44
276 391 89
364 484 22
214 379 72
9 39 69
155 188 52
117 392 66
18 181 42
417 437 65
1 448 4
55 137 31
6 373 91
135 401 99
107 291 75
184 280 11
106 179 48
32 375 25
308 459 63
90 427 79
128 328 41
248 432 88
92 237 80
79 108 95
151 295 51
449 470 57
54 450 0
147 446 33
75 481 95
194 463 20
65 390 27
176 440 23
55 255 94
59 421 0
61 246 41
186 394 57
261 470 12
129 407 22
109 195 5
444 454 58
149 460 28
175 291 51
156 463 96
163 284 100
184 417 52
18 122 7
70 484 4
266 423 68
166 295 46
110 394 58
242 465 73
54 272 64
3 394 50
135 492 9
86 151 88
184 498 33
189 276 78
28 209 52
246 473 20
303 353 52
298 384 65
190 328 17
280 303 1
166 198 84
73 185 39
125 189 11
184 303 22
131 235 92
257 412 63
2 105 34
77 454 52
209 444 13
178 299 3
29 34 74
140 259 33
64 236 70
335 352 48
107 498 43
92 168 86
108 459 61
203 446 39
178 271 87
146 482 19
27 39 36
154 194 10
5 460 10
137 317 9
259 354 0
151 281 79
16 275 40
156 401 62
317 363 9
197 307 19
184 393 82
311 328 90
102 195 32
408 453 82
322 486 69
157 360 95
447 498 25
197 327 46
235 288 19
339 371 47
332 390 18
206 411 97
366 415 97
17 416 64
1 232 33
70 340 32
1 384 24
191 391 55
387 412 57
331 409 88
301 303 40
69 446 80
79 278 35
30 39 38
351 399 65
136 192 71
66 243 56
253 337 67
37 457 41
178 378 72
15 390 40
167 385 52
21 303 37
33 91 20
81 139 74
102 310 62
80 408 38
274 481 50
182 423 6
70 384 16
344 413 22
285 411 93
194 369 40
35 457 33
13 330 87
367 485 73
197 294 27
9 211 84
268 433 77
122 166 3
46 478 46
55 311 85
45 83 93
450 469 3
20 493 96
288 455 5
89 173 43
115 215 75
157 446 46
271 488 5
175 490 84
174 246 64
42 318 17
368 422 12
216 233 60
71 349 68
220 316 56
117 479 56
139 486 77
155 180 8
213 346 16
32 168 63
225 472 53
10 164 39
256 377 9
51 373 11
84 97 48
151 414 60
30 492 16
214 220 75
63 227 4
57 300 20
212 245 30
110 445 38
165 405 7
200 417 76
341 391 52
80 202 92
166 257 93
112 228 73
168 289 34
268 478 51
362 470 55
55 469 51
22 78 34
299 428 75
119 158 29
46 492 48
200 249 53
174 359 85
285 415 22
37 151 45
201 235 30
403 405 63
181 476 4
106 258 5
165 418 15
129 326 38
266 300 11
279 462 93
50 458 37
232 238 82
257 451 17
214 438 82
33 473 19
330 484 57
55 322 96
105 177 64
49 209 53
161 482 55
356 368 77
435 463 48
239 320 4
141 378 66
42 335 77
219 314 56
96 364 20
58 336 32
340 380 97
31 278 84
9 192 45
175 420 37
92 442 56
120 141 37
4 100 64
17 43 70
197 352 30
202 212 0
104 375 73
164 228 17
396 444 9
154 418 70
143 184 5
478 484 90
75 472 34
295 490 45
96 320 41
67 251 62
94 368 0
191 426 89
401 466 94
333 447 100
203 365 88
78 209 40
123 176 87
48 449 12
7 285 13
369 454 95
111 234 84
226 280 27
99 191 72
51 310 3
229 454 10
270 414 20
12 358 34
346 429 18
90 243 64
47 407 54
17 99 85
95 265 13
84 91 42
166 364 23
354 488 57
73 226 47
197 389 11
107 420 73
208 381 62
340 366 41
356 397 93
106 124 85
69 98 86
22 391 85
65 223 6
134 206 14
447 448 69
222 236 24
75 397 71
104 342 33
342 415 33
142 282 2
29 249 10
86 174 40
251 305 47
39 495 21
7 221 11
33 92 57
80 355 94
125 326 72
62 219 11
349 381 14
196 327 23
165 253 22
292 393 24
85 208 85
344 451 7
198 496 47
285 378 80
97 398 73
383 396 17
292 313 75
88 214 4
123 257 92
250 255 61
445 452 28
155 316 88
177 201 18
158 329 8
221 486 19
53 90 81
43 135 83
6 36 66
121 149 89
181 492 40
95 395 43
52 308 91
325 398 17
15 72 77
139 462 70
297 331 24
141 281 52
282 432 57
73 404 40
79 164 39
220 300 1
36 250 80
309 436 46
67 116 52
24 107 34
230 341 55
342 400 66
55 449 4
217 315 77
89 203 24
119 310 50
253 425 18
100 110 98
219 432 10
174 469 97
277 485 18
113 272 79
137 368 46
237 409 41
27 41 84
51 248 68
349 426 68
395 497 51
103 268 69
187 224 71
83 177 29
61 67 94
126 462 60
209 455 4
157 430 16
297 405 22
189 224 58
101 241 34
110 136 91
47 224 51
118 203 51
61 217 47
220 402 70
135 498 42
146 399 1
269 477 74
32 269 56
263 288 51
292 317 9
413 493 77
200 349 30
154 443 26
66 154 67
242 377 33
428 485 27
441 467 76
294 397 55
13 227 48
136 262 99
338 360 81
73 413 21
314 326 67
157 444 52
67 474 66
246 345 57
93 233 5
169 448 58
193 287 18
434 488 74
338 402 7
198 399 65
199 423 35
78 438 34
194 491 11
44 193 15
156 386 63
47 394 6
350 359 85
394 485 44
17 456 98
191 407 2
45 95 7
63 419 64
364 479 66
49 101 33
248 369 91
50 345 60
304 465 69
297 305 60
150 264 100
213 376 46
117 433 39
270 342 72
378 380 57
414 419 20
17 46 98
309 355 37
125 492 79
33 429 25
210 390 64
300 417 48
67 239 24
82 202 15
118 328 98
234 377 57
314 412 69
67 435 71
236 479 61
292 493 87
262 428 54
250 372 29
258 328 48
4 45 2
18 101 87
59 92 52
295 379 14
53 436 23
133 337 57
221 397 36
276 362 86
199 358 83
326 363 5
85 478 38
107 125 6
378 405 31
190 382 95
180 332 15
176 233 39
156 421 23
36 153 82
164 180 12
290 476 15
148 161 42
26 338 39
9 57 37
239 374 1
8 440 96
9 331 36
147 385 91
170 243 82
21 226 42
242 281 49
164 482 42
278 477 30
2 160 59
219 343 42
172 468 15
181 284 45
134 217 54
284 472 40
182 318 59
142 187 28
235 475 78
10 165 9
15 222 2
20 55 76
395 396 35
169 291 78
374 384 12
143 464 57
18 207 47
107 157 17
121 237 39
7 110 19
57 192 51
4 300 37
97 493 86
208 480 84
20 302 24
263 387 46
202 367 21
249 418 56
124 178 96
349 450 36
105 498 23
23 444 27
75 79 63
60 78 57
43 88 26
84 401 36
151 238 30
112 255 66
173 447 92
276 463 73
38 303 44
216 411 65
55 105 57
188 195 43
275 424 20
163 381 48
267 364 71
43 466 32
58 100 58
20 271 71
138 422 78
144 425 36
480 490 59
158 315 53
381 411 63
57 131 90
122 148 97
424 454 70
51 437 63
64 238 91
95 359 58
39 365 42
98 269 13
223 286 91
242 391 0
105 345 19
265 493 15
47 251 47
329 380 67
195 482 63
311 400 21
462 486 39
340 350 65
2 40 12
219 304 78
431 487 94
21 68 61
40 111 21
128 284 70
4 321 6
170 180 10
212 405 38
142 285 7
244 454 6
438 455 26
117 372 65
60 101 24
206 313 63
440 495 31
99 248 62
374 380 66
147 308 69
42 252 16
82 383 13
6 203 49
6 376 70
24 425 99
27 180 12
179 449 54
68 241 64
398 490 91
254 428 82
154 392 60
58 415 91
92 257 44
180 182 87
107 410 27
40 100 25
79 83 33
48 289 68
133 325 43
126 147 95
139 283 30
87 390 42
27 443 44
421 483 12
67 332 58
161 353 0
162 488 60
421 461 11
72 259 12
390 432 99
50 255 3
335 402 91
58 94 99
171 491 18
432 435 88
119 391 66
205 383 24
121 160 63
11 184 76
155 382 39
193 221 78
97 433 3
5 277 7
108 159 68
347 431 67
369 372 87
242 255 94
289 321 13
41 212 76
102 174 4
142 475 46
183 402 52
291 407 74
13 15 34
50 59 45
1 38 88
64 486 72
293 443 63
5 201 21
1 56 93
358 427 36
425 447 19
67 413 10
360 482 1
258 271 66
167 299 56
216 220 40
75 247 85
31 370 65
146 177 60
319 498 29
27 53 39
351 441 68
165 343 22
168 432 24
278 395 52
161 357 23
361 487 27
159 166 62
177 395 21
208 395 5
65 92 63
256 271 46
124 247 94
89 195 95
77 356 44
429 455 85
230 445 45
48 187 0
313 385 33
108 340 66
120 377 58
140 422 49
339 463 95
9 114 30
271 356 70
303 383 69
353 397 27
10 448 21
200 277 6
115 271 52
44 207 74
295 370 100
321 410 21
249 256 19
154 193 31
190 296 75
149 169 21
160 402 6
242 246 14
382 384 78
466 487 22
107 127 40
249 457 45
23 344 32
228 362 91
302 416 97
346 488 4
111 461 32
53 100 0
241 254 37
109 341 62
91 213 25
285 370 5
16 307 33
206 410 89
386 455 54
16 226 90
77 270 67
43 432 15
313 455 90
28 64 34
23 304 9
49 74 96
291 476 91
69 121 100
69 383 76
85 192 78
169 226 87
20 487 26
223 300 9
173 178 30
323 338 90
264 471 17
75 242 51
268 345 100
58 247 11
376 383 32
194 265 33
218 334 39
150 278 51
221 458 64
132 280 72
186 267 52
135 236 15
43 361 8
86 295 2
187 197 26
314 466 43
93 411 67
79 265 41
84 471 99
200 231 70
49 86 1
64 474 76
38 180 87
173 289 9
106 126 7
146 362 34
409 444 6
390 407 8
241 324 66
2 295 58
248 364 13
286 324 87
101 422 60
127 193 26
278 319 98
415 444 3
92 173 57
158 373 47
360 454 98
215 261 25
198 240 15
13 492 74
389 403 14
59 489 40
176 431 56
27 230 86
213 429 32
137 205 62
326 468 26
65 277 38
177 346 9
52 266 71
26 298 47
1 302 66
184 250 27
50 326 17
403 433 28
269 394 93
105 401 64
76 330 74
66 488 34
317 445 84
103 135 17
253 291 89
151 297 92
51 159 3
126 189 83
180 447 57
266 367 75
207 253 66
244 487 55
379 386 28
107 119 40
160 256 6
318 431 61
109 300 4
195 455 21
51 295 82
7 51 77
111 493 47
89 455 58
211 348 19
87 327 61
93 204 66
61 157 73
323 489 60
271 346 86
200 469 31
108 266 81
401 458 26
25 152 67
45 234 99
315 383 64
121 198 28
21 203 27
94 485 80
89 310 39
29 246 95
83 264 65
190 355 35
294 357 18
229 231 83
109 124 0
171 319 40
39 286 62
15 405 38
65 191 61
138 261 100
274 413 29
115 227 19
135 380 71
34 200 47
336 427 95
365 485 18
29 495 7
148 470 8
57 497 76
22 372 74
259 310 3
98 357 44
158 257 92
50 121 5
58 145 11
53 344 10
209 268 36
4 315 91
104 133 0
191 351 58
213 467 41
6 305 25
95 225 79
74 498 26
39 57 32
136 167 57
319 362 12
357 468 2
90 339 22
119 315 33
7 457 91
60 201 97
180 222 76
444 496 23
28 33 79
310 362 45
241 408 27
264 318 99
378 382 24
222 234 100
47 479 82
161 411 22
71 182 0
9 429 0
75 345 14
341 411 66
316 360 96
68 265 64
15 458 11
119 376 17
276 484 56
15 460 83
38 305 65
151 305 4
96 431 85
288 411 83
55 185 52
308 454 8
11 134 68
32 193 100
32 292 82
389 451 48
167 396 31
280 439 35
52 124 100
39 212 97
20 234 2
174 225 84
29 273 81
52 144 1
183 342 87
11 180 23
80 125 47
96 399 23
319 412 93
426 473 42
69 326 10
221 356 98
41 296 95
134 340 100
267 295 26
54 182 65
200 317 32
332 343 41
266 309 2
86 452 76
146 435 60
100 121 72
45 473 6
385 475 96
302 327 11
176 287 99
398 493 22
18 183 77
265 326 39
1 299 65
325 383 65
28 251 88
330 480 62
418 426 71
101 397 72
101 357 6
37 281 51
25 210 66
261 344 64
300 338 28
433 438 34
186 329 50
203 313 13
107 294 53
122 149 53
8 441 58
280 433 46
77 95 96
144 148 4
168 286 42
36 226 64
96 100 66
247 480 66
280 372 77
24 311 4
236 464 58
21 177 25
154 308 18
207 361 84
16 62 60
136 224 90
24 174 29
13 36 67
453 494 63
159 473 54
110 478 71
4 206 27
282 468 36
348 389 16
297 311 51
89 169 5
85 215 70
231 371 38
58 398 22
188 250 6
348 415 90
155 421 77
102 370 23
397 445 1
63 307 39
372 418 100
236 334 19
4 353 69
20 280 25
190 207 9
3 21 8
459 478 100
95 303 84
102 424 9
3 157 75
17 65 45
156 408 76
19 216 68
139 218 86
241 309 63
275 356 89
180 183 1
387 397 37
377 391 89
119 173 7
21 462 13
298 461 7
9 396 0
311 472 3
81 446 16
275 433 72
83 456 16
244 364 19
380 423 99
8 361 90
123 421 84
193 338 42
249 264 38
69 453 67
248 470 85
89 165 23
349 385 20
9 327 57
83 249 43
67 144 56
29 473 42
185 458 68
76 232 66
206 399 33
72 248 30
142 350 15
137 422 45
154 359 48
190 417 9
153 176 31
96 494 82
199 233 93
114 403 38
281 357 19
77 445 85
135 164 79
38 248 45
230 371 81
43 205 83
86 407 92
259 294 14
89 199 46
34 99 0
91 302 65
95 378 32
122 181 92
292 437 83
60 277 99
118 123 72
38 349 6
87 167 24
244 372 15
68 352 7
55 63 97
226 492 92
188 212 55
416 489 28
375 376 67
187 426 87
185 286 21
339 395 58
313 401 41
88 250 75
143 451 61
457 474 14
471 485 95
113 311 31
353 377 54
340 378 44
288 461 32
80 200 2
359 492 63
128 241 7
102 497 72
358 416 55
169 407 12
116 348 7
26 84 14
262 401 56
28 111 41
174 415 43
69 324 34
127 335 0
92 498 37
165 179 45
34 354 96
1 33 53
457 460 11
199 226 79
199 263 85
89 143 84
383 419 11
11 45 70
173 382 13
330 462 68
316 459 1
1 138 83
176 477 15
36 309 26
85 347 51
33 226 3
30 336 3
62 413 57
92 482 20
169 271 58
292 340 22
237 480 15
61 469 23
37 48 36
64 495 82
10 399 6
206 228 93
8 69 96
270 384 83
70 153 8
6 298 98
135 270 53
50 147 33
336 451 4
347 439 22
165 206 60
149 285 80
85 184 31
45 357 82
21 401 29
343 382 56
289 290 42
387 498 34
178 370 97
36 389 19
373 451 2
120 189 85
45 476 2
95 307 34
71 378 93
301 442 19
360 377 46
119 120 77
195 448 95
129 410 51
50 104 51
52 185 17
45 461 96
12 197 56
254 287 75
12 255 25
23 451 79
343 424 57
342 408 16
159 431 27
19 43 4
273 303 44
85 319 22
82 450 49
356 372 99
223 349 74
302 487 43
1 103 16
126 187 69
109 466 80
60 420 88
87 339 4
27 88 82
66 455 71
140 177 92
8 291 9
347 369 90
247 314 97
6 124 95
86 428 92
34 350 11
53 270 40
269 311 89
153 246 36
81 335 38
167 472 20
189 365 8
185 383 67
168 189 6
106 323 57
20 269 61
137 483 10
335 386 69
324 367 78
3 325 44
29 481 68
33 95 47
267 378 86
19 408 61
121 206 59
244 278 47
55 262 62
245 422 60
36 96 84
381 489 86
390 479 96
65 421 91
209 362 1
159 338 31
27 457 27
77 408 34
200 338 97
73 218 100
50 78 10
386 439 11
82 200 58
97 402 48
34 212 72
162 482 55
344 378 73
109 393 91
365 428 31
1 428 0
213 433 44
11 33 6
131 143 59
38 323 4
140 338 19
25 183 93
189 327 100
110 418 95
180 361 68
20 35 66
64 413 0
86 87 60
321 359 81
176 310 8
35 226 2
328 469 81
54 415 16
40 43 16
304 357 68
122 167 45
340 494 36
106 460 17
66 257 74
124 386 42
301 486 65
334 361 73
180 265 52
208 232 32
270 341 57
263 406 55
137 477 22
220 395 38
105 180 11
65 180 72
10 465 12
246 457 4
64 128 83
42 443 68
321 337 84
199 401 61
86 204 6
28 316 20
72 118 95
373 496 89
156 329 34
365 387 68
119 381 4
1 74 84
6 438 48
281 308 33
211 405 53
320 486 100
78 459 98
316 410 97
249 403 47
296 393 78
83 436 75
39 451 78
78 453 82
205 360 81
276 282 13
182 189 90
71 178 18
25 395 62
108 385 84
302 461 41
121 274 24
305 320 40
166 444 51
226 283 78
429 456 61
339 348 0
106 115 48
229 273 4
218 250 75
6 116 2
11 145 0
344 406 28
148 411 73
279 456 15
127 248 49
142 452 22
224 422 1
3 143 89
153 495 99
87 159 28
415 450 50
69 200 50
77 263 94
300 444 12
2 93 86
274 487 30
50 348 58
17 86 52
3 211 38
5 494 54
324 336 50
265 425 85
146 487 73
6 48 2
21 333 30
239 300 58
412 431 67
442 492 23
235 424 84
24 299 58
98 275 89
153 197 35
48 54 81
31 288 62
53 462 85
202 352 19
45 102 35
227 445 25
467 484 26
138 240 47
274 448 94
272 366 1
115 495 34
303 419 19
30 302 78
4 341 100
219 297 17
339 483 63
111 217 15
4 111 54
45 345 14
50 107 71
41 443 44
107 288 66
226 250 85
222 378 69
31 259 100
195 384 72
264 460 66
127 215 26
331 493 63
56 378 64
80 292 58
98 400 29
207 224 95
1 210 83
290 295 17
72 428 57
55 227 96
376 439 50
51 251 13
94 168 6
19 487 84
120 161 68
58 287 45
391 467 9
41 256 98
7 456 14
3 159 98
432 497 29
344 421 76
147 160 14
105 263 69
66 312 30
2 347 99
20 341 1
222 306 44
33 225 12
375 406 48
149 222 68
105 267 74
78 382 7
115 437 61
42 204 44
73 126 17
150 498 59
171 212 42
230 274 92
273 359 78
239 252 55
8 232 82
6 67 87
73 260 36
310 438 42
366 412 18
167 409 80
153 387 78
369 441 67
254 446 76
332 356 90
111 385 19
112 307 47
268 475 86
52 361 93
260 399 8
450 466 81
42 185 51
428 458 85
115 460 17
111 137 65
10 471 6
24 189 48
259 345 95
218 453 38
345 370 95
77 163 18
154 316 92
4 60 2
169 379 49
118 296 97
126 469 84
230 342 64
264 388 0
20 24 50
132 410 5
232 423 65
135 291 2
69 124 16
114 398 12
75 373 63
234 294 46
89 371 36
307 458 26
16 91 75
37 415 79
14 295 21
21 65 92
121 293 66
114 451 26
429 498 38
304 364 15
128 176 12
236 280 90
197 252 82
109 215 52
14 109 15
270 436 0
424 495 22
40 129 5
136 498 90
182 240 12
38 468 56
118 143 75
50 311 74
258 365 74
239 370 84
11 335 58
45 329 57
370 381 86
188 332 86
349 377 93
40 338 78
25 80 33
92 144 35
50 269 68
213 453 88
177 464 64
32 498 69
232 359 12
244 270 8
77 190 67
57 242 82
252 408 26
56 214 77
137 251 34
232 467 98
31 183 94
57 294 79
34 135 16
190 196 6
284 483 87
232 331 71
150 493 0
231 253 79
405 485 31
55 305 11
203 441 13
34 435 35
31 368 81
130 411 61
133 449 30
118 269 55
156 345 63
276 442 75
39 351 26
304 336 5
279 306 10
315 393 30
63 417 58
356 483 21
416 476 9
137 224 71
9 41 33
419 483 45
196 432 15
214 249 32
190 260 69
122 417 10
411 442 37
132 281 14
64 480 67
289 466 98
49 97 37
222 295 39
83 210 45
35 90 43
74 97 43
85 233 3
358 379 14
199 303 85
173 290 37
171 471 86
379 433 13
318 369 73
174 324 75
460 488 35
310 327 9
361 391 23
225 496 98
65 428 92
344 346 11
333 374 84
367 443 75
96 308 90
114 464 89
136 447 15
370 470 79
2 200 94
281 422 20
291 362 29
117 202 9
91 340 66
13 305 26
88 329 87
124 132 1
109 322 44
354 388 4
154 330 94
2 5 26
174 208 73
239 273 96
43 483 100
110 266 97
36 130 2
10 261 8
177 440 91
50 231 9
251 336 13
123 443 79
18 305 48
86 375 59
469 471 94
4 23 81
58 330 54
240 440 17
316 450 42
406 415 78
205 420 18
323 348 21
26 177 16
92 153 55
35 173 80
181 323 28
198 303 95
6 235 62
121 266 62
39 380 71
37 221 56
170 367 79
128 174 3
265 295 37
139 148 14
143 389 84
24 491 17
428 467 61
432 464 4
