185 985 234
150 151 0
40 185 0
106 163 0
30 108 0
59 156 0
100 109 0
29 90 0
114 184 0
2 165 0
3 176 0
46 84 0
66 173 0
36 83 0
35 85 0
48 74 0
49 140 0
31 89 0
13 108 0
60 80 0
87 144 0
105 132 0
5 92 0
38 104 0
13 181 0
27 28 0
18 39 0
51 164 0
62 83 0
22 57 0
30 177 0
12 104 0
151 165 0
76 94 0
52 108 0
160 166 0
113 157 0
69 179 0
20 23 0
16 117 0
44 61 0
21 121 0
144 152 0
140 142 0
1 119 0
18 82 0
103 127 0
34 149 0
31 141 0
64 72 0
43 128 0
135 155 0
40 101 0
167 179 0
143 181 0
51 166 0
102 152 0
12 49 0
89 106 0
58 155 0
52 57 0
19 91 0
89 120 0
7 84 0
78 121 0
12 55 0
3 116 0
28 77 0
99 148 0
29 40 0
39 49 0
72 107 0
47 161 0
4 165 0
3 121 0
53 58 0
116 154 0
22 67 0
50 91 0
70 109 0
27 59 0
38 131 0
72 165 0
125 136 0
78 148 0
28 108 0
38 91 0
42 56 0
60 74 0
49 107 0
40 89 0
7 184 0
47 54 0
13 70 0
116 128 0
132 149 0
59 177 0
9 55 0
160 185 0
53 93 0
29 88 0
72 115 0
35 118 0
120 135 0
16 57 0
67 82 0
27 36 0
85 137 0
46 74 0
82 170 0
52 97 0
34 158 0
117 123 0
85 172 0
117 173 0
54 73 0
1 4 0
30 31 0
73 82 0
131 140 0
52 112 0
72 169 0
21 104 0
4 179 0
10 43 0
104 145 0
5 98 0
11 91 0
10 22 0
120 163 0
89 176 0
44 75 0
96 122 0
56 167 0
82 173 0
16 165 0
33 97 0
36 78 0
33 179 0
116 119 0
85 170 0
45 163 0
7 43 0
57 171 0
113 177 0
99 113 0
50 77 0
23 144 0
174 175 0
71 85 0
165 178 0
1 8 0
59 100 0
82 183 0
64 144 0
30 129 0
21 184 0
21 133 0
68 80 0
10 24 0
16 44 0
146 150 0
58 136 0
129 175 0
20 62 0
27 61 0
124 143 0
36 47 0
110 118 0
9 103 0
92 114 0
56 124 0
115 131 0
56 97 0
51 129 0
29 148 0
90 118 0
47 108 0
1 106 0
70 172 0
89 155 0
79 164 0
16 106 0
35 170 0
42 51 0
132 182 0
132 161 0
1 3 0
141 185 0
177 185 0
1 100 0
26 55 0
23 176 0
35 41 0
2 180 0
75 147 0
53 184 0
119 125 0
24 91 0
85 176 0
35 137 0
58 94 0
95 184 0
67 118 0
4 153 0
18 71 0
78 160 0
28 140 0
69 95 0
6 78 0
35 135 0
64 73 0
77 86 0
74 110 0
81 107 0
2 137 0
13 115 0
118 139 0
77 158 0
130 169 0
89 179 0
1 160 0
15 54 0
141 148 0
79 152 0
3 180 0
18 96 0
39 145 0
56 143 0
82 174 0
24 125 0
17 167 0
9 116 0
28 115 0
5 25 0
34 48 0
77 97 0
16 181 0
103 132 0
45 118 0
77 157 0
46 120 0
14 60 0
18 32 0
152 153 0
77 90 0
160 183 0
14 146 0
81 104 0
10 51 0
67 80 0
164 177 0
15 140 0
55 149 0
78 109 0
3 136 0
120 165 0
4 27 0
70 111 0
19 161 0
4 47 0
8 158 0
5 113 0
162 181 0
5 36 0
57 148 0
83 127 0
30 160 0
86 98 0
125 159 0
138 172 0
81 103 0
8 72 0
1 116 0
131 146 0
16 42 0
123 138 0
41 134 0
76 131 0
2 33 0
47 60 0
91 177 0
12 102 0
91 172 0
10 17 0
43 73 0
12 181 0
175 180 0
85 87 0
14 55 0
58 122 0
45 104 0
3 155 0
28 145 0
28 119 0
12 29 0
140 158 0
6 136 0
74 85 0
54 138 0
54 122 0
51 65 0
105 162 0
68 102 0
104 114 0
26 175 0
12 20 0
5 176 0
105 125 0
128 152 0
1 153 0
110 140 0
103 164 0
22 112 0
60 77 0
145 182 0
95 178 0
11 34 0
10 99 0
55 120 0
12 27 0
43 110 0
7 150 0
59 64 0
43 131 0
27 44 0
15 22 0
89 151 0
11 60 0
54 175 0
2 12 0
39 136 0
72 105 0
53 96 0
15 159 0
25 154 0
75 85 0
82 123 0
10 35 0
120 176 0
153 169 0
31 40 0
38 183 0
62 120 0
34 79 0
28 55 0
4 17 0
128 137 0
59 168 0
59 173 0
4 168 0
14 15 0
91 163 0
81 164 0
84 170 0
81 172 0
36 95 0
56 165 0
124 164 0
13 41 0
39 76 0
82 175 0
17 29 0
46 171 0
16 63 0
61 180 0
110 120 0
9 10 0
165 176 0
50 73 0
15 46 0
5 129 0
9 100 0
79 185 0
145 181 0
104 133 0
74 88 0
77 115 0
88 127 0
4 69 0
12 54 0
61 95 0
76 101 0
32 117 0
19 103 0
116 142 0
80 157 0
13 22 0
17 136 0
135 179 0
94 151 0
48 81 0
5 16 0
147 156 0
109 185 0
65 158 0
32 54 0
141 144 0
90 101 0
87 185 0
54 56 0
104 162 0
93 100 0
1 2 0
61 108 0
62 68 0
57 150 0
62 180 0
135 153 0
53 72 0
40 51 0
92 158 0
68 122 0
10 42 0
18 152 0
139 153 0
109 144 0
62 130 0
53 66 0
10 167 0
95 136 0
141 153 0
74 89 0
4 94 0
15 44 0
17 149 0
14 45 0
54 176 0
42 148 0
11 113 0
1 115 0
124 173 0
12 75 0
3 73 0
109 123 0
88 179 0
31 162 0
126 135 0
19 81 0
149 172 0
78 82 0
68 93 0
64 148 0
73 145 0
12 116 0
16 40 0
48 99 0
8 68 0
105 107 0
149 183 0
98 109 0
102 124 0
12 156 0
65 157 0
93 98 0
19 50 0
8 99 0
54 118 0
90 157 0
56 92 0
153 179 0
1 28 0
2 114 0
116 169 0
31 38 0
46 151 0
8 151 0
49 58 0
176 183 0
45 136 0
76 78 0
52 56 0
27 130 0
1 142 0
6 52 0
136 185 0
2 22 0
3 67 0
97 102 0
25 87 0
97 138 0
57 65 0
12 135 0
120 156 0
50 76 0
65 71 0
32 122 0
12 98 0
17 173 0
4 49 0
77 82 0
69 86 0
112 162 0
60 123 0
66 76 0
46 119 0
47 125 0
49 101 0
38 158 0
4 107 0
13 176 0
102 103 0
90 130 0
5 99 0
37 147 0
68 155 0
143 168 0
139 180 0
14 165 0
95 114 0
123 152 0
7 61 0
38 168 0
7 27 0
94 146 0
29 130 0
46 98 0
57 122 0
90 111 0
97 168 0
74 131 0
164 168 0
38 100 0
19 129 0
49 130 0
51 169 0
89 99 0
45 141 0
168 169 0
120 160 0
65 106 0
13 79 0
139 171 0
110 152 0
144 184 0
4 121 0
66 161 0
56 93 0
4 83 0
78 83 0
3 69 0
105 155 0
125 183 0
81 149 0
163 183 0
8 134 0
114 147 0
56 175 0
87 166 0
86 143 0
19 49 0
54 79 0
69 175 0
151 182 0
85 114 0
39 69 0
19 22 0
46 132 0
48 56 0
96 108 0
6 96 0
135 143 0
58 167 0
76 132 0
6 146 0
95 124 0
19 154 0
110 122 0
8 116 0
98 134 0
104 143 0
30 140 0
82 130 0
109 145 0
18 49 0
31 125 0
52 114 0
80 94 0
122 127 0
47 96 0
54 115 0
165 184 0
46 137 0
164 185 0
118 151 0
73 153 0
104 150 0
115 142 0
4 60 0
49 174 0
37 75 0
9 95 0
43 150 0
96 156 0
139 185 0
6 162 0
67 181 0
51 66 0
60 128 0
11 118 0
118 169 0
26 146 0
26 53 0
80 171 0
122 172 0
76 157 0
97 183 0
9 183 0
11 102 0
3 108 0
39 135 0
30 111 0
31 81 0
12 107 0
11 62 0
58 110 0
63 154 0
27 127 0
4 29 0
85 112 0
43 69 0
4 81 0
75 177 0
9 170 0
10 170 0
153 172 0
124 140 0
13 114 0
128 139 0
22 90 0
38 49 0
7 156 0
6 166 0
100 158 0
26 114 0
12 91 0
34 63 0
43 144 0
1 43 0
68 97 0
17 156 0
114 129 0
54 104 0
16 46 0
46 93 0
19 67 0
87 182 0
21 139 0
42 65 0
42 149 0
39 97 0
134 137 0
93 104 0
31 166 0
5 13 0
55 101 0
133 165 0
23 175 0
3 37 0
21 138 0
82 106 0
15 39 0
32 104 0
31 149 0
2 7 0
80 178 0
17 35 0
13 131 0
115 165 0
18 57 0
3 127 0
124 161 0
11 169 0
169 176 0
29 70 0
13 86 0
165 172 0
14 64 0
56 76 0
140 160 0
13 110 0
54 65 0
129 130 0
61 183 0
41 174 0
34 177 0
70 173 0
131 145 0
101 136 0
152 175 0
42 50 0
132 153 0
93 121 0
89 137 0
63 135 0
91 135 0
34 92 0
70 156 0
115 120 0
144 167 0
70 113 0
57 101 0
13 159 0
8 18 0
82 88 0
163 165 0
23 162 0
84 110 0
32 78 0
95 138 0
61 111 0
46 167 0
99 135 0
44 108 0
22 134 0
40 129 0
10 124 0
49 71 0
40 87 0
21 75 0
63 86 0
21 56 0
20 44 0
55 168 0
166 175 0
56 84 0
177 179 0
143 173 0
134 184 0
10 121 0
76 160 0
78 104 0
41 44 0
133 163 0
20 46 0
144 168 0
44 54 0
6 129 0
74 171 0
4 13 0
40 138 0
4 86 0
47 156 0
19 58 0
7 166 0
101 179 0
70 74 0
50 65 0
26 82 0
29 142 0
38 141 0
51 99 0
158 172 0
128 173 0
45 52 0
134 165 0
138 175 0
31 135 0
104 156 0
53 158 0
69 104 0
86 178 0
58 183 0
63 147 0
39 181 0
89 130 0
42 143 0
5 68 0
21 67 0
10 131 0
121 157 0
67 180 0
12 174 0
20 30 0
125 167 0
41 127 0
113 164 0
96 125 0
74 116 0
1 9 0
11 165 0
32 76 0
148 159 0
3 22 0
51 126 0
55 85 0
36 84 0
121 129 0
11 42 0
45 74 0
48 134 0
26 145 0
44 166 0
12 57 0
122 176 0
111 182 0
153 167 0
125 179 0
8 84 0
18 86 0
30 121 0
2 24 0
38 105 0
9 179 0
13 43 0
30 126 0
78 91 0
89 96 0
129 176 0
5 6 0
79 105 0
29 163 0
88 119 0
64 79 0
59 170 0
91 184 0
15 58 0
116 162 0
69 117 0
145 167 0
35 184 0
177 180 0
5 11 0
116 176 0
14 163 0
43 106 0
40 102 0
32 39 0
112 130 0
21 53 0
1 34 0
18 40 0
69 126 0
33 34 0
87 133 0
24 49 0
117 169 0
20 132 0
58 170 0
50 105 0
5 178 0
33 95 0
92 172 0
11 31 0
1 62 0
5 21 0
41 110 0
4 23 0
112 182 0
72 73 0
37 174 0
73 118 0
42 101 0
98 147 0
28 58 0
76 118 0
22 153 0
87 128 0
38 176 0
166 177 0
45 150 0
79 99 0
111 166 0
69 180 0
112 167 0
48 166 0
20 69 0
34 104 0
51 180 0
102 150 0
21 148 0
99 122 0
10 64 0
13 111 0
115 162 0
5 173 0
43 112 0
131 168 0
28 113 0
42 160 0
36 132 0
26 133 0
53 168 0
43 46 0
116 160 0
9 26 0
93 142 0
4 20 0
59 171 0
102 168 0
122 163 0
74 76 0
145 158 0
43 141 0
7 174 0
3 100 0
123 160 0
98 111 0
14 112 0
3 160 0
1 6 0
111 152 0
69 166 0
87 132 0
7 172 0
101 122 0
68 175 0
54 88 0
100 115 0
59 154 0
128 180 0
8 64 0
9 19 0
69 173 0
97 130 0
142 177 0
81 136 0
47 154 0
127 175 0
60 101 0
48 82 0
136 171 0
46 175 0
52 55 0
13 34 0
149 153 0
78 80 0
27 74 0
6 106 0
1 141 0
61 148 0
84 157 0
10 15 0
59 88 0
47 101 0
51 151 0
163 171 0
2 86 0
45 47 0
94 138 0
96 162 0
112 148 0
88 134 0
129 136 0
43 154 0
63 83 0
140 180 0
73 126 0
6 39 0
79 159 0
18 117 0
148 169 0
82 141 0
41 81 0
128 185 0
98 118 0
26 52 0
1 139 0
4 103 0
27 39 0
83 147 0
70 71 0
1 14 0
15 59 0
150 172 0
93 119 0
11 138 0
157 169 0
70 107 0
4 5 0
119 131 0
117 157 0
79 119 0
10 141 0
3 7 0
68 178 0
7 95 0
81 109 0
114 151 0
11 179 0
99 101 0
176 178 0
81 140 0
25 115 0
30 152 0
17 60 0
