500 7965 100
66 247 30
15 190 5
131 460 47
35 483 15
365 463 90
153 376 16
199 426 12
48 345 17
158 499 16
330 408 80
271 359 18
96 324 25
17 75 41
151 164 56
175 192 58
48 215 25
29 247 26
273 318 77
169 290 24
11 104 82
139 391 1
337 428 57
362 433 93
21 236 35
109 418 66
290 369 52
411 424 37
109 348 45
220 332 100
258 488 53
44 77 55
45 460 95
377 448 95
39 478 94
161 252 82
83 348 51
214 372 75
167 324 94
296 399 39
2 473 99
39 173 85
77 112 44
206 378 70
415 428 10
138 164 67
127 447 26
175 322 22
237 367 86
260 480 62
105 222 17
3 286 48
40 272 2
178 452 8
490 496 56
102 379 52
192 249 39
47 108 42
231 494 75
46 58 47
91 341 82
89 198 35
419 437 89
88 270 36
430 498 95
79 309 94
51 161 29
31 487 9
274 296 83
22 289 73
27 443 47
236 273 33
183 369 66
3 350 18
58 399 70
23 229 57
294 330 78
70 88 70
336 474 10
139 265 10
9 454 90
60 223 5
210 240 64
149 345 97
200 297 0
121 174 92
76 109 94
127 385 7
184 271 20
317 484 93
288 316 42
160 328 88
375 447 0
379 489 85
198 329 51
17 463 77
231 241 7
173 219 53
99 378 78
440 447 85
307 481 11
77 486 62
84 492 19
330 370 66
114 233 32
207 233 93
123 386 73
189 494 44
314 381 93
214 296 79
280 384 62
142 179 14
4 406 40
55 314 45
296 411 18
337 455 51
393 445 92
148 500 3
43 367 24
205 222 66
324 465 72
216 263 67
22 398 72
63 172 91
248 295 22
144 233 65
66 287 33
143 236 70
26 43 96
100 170 93
408 463 29
69 393 18
86 216 69
39 301 3
123 292 95
34 232 85
37 81 47
10 30 41
180 366 88
109 334 35
131 375 22
233 435 84
125 150 63
343 486 39
64 267 80
272 452 54
218 375 90
312 471 90
363 489 71
237 254 62
216 448 58
131 394 29
14 316 34
262 396 38
158 281 31
2 67 37
25 243 7
9 255 97
32 95 91
71 294 23
13 243 14
476 491 7
17 90 73
24 39 9
303 498 14
275 345 52
43 248 26
318 459 82
117 362 85
290 477 51
22 59 8
18 113 22
436 474 8
120 247 97
278 431 74
110 156 86
126 140 62
211 408 2
326 351 0
225 351 7
1 163 10
2 20 14
130 193 80
243 263 41
99 396 0
43 312 61
318 479 5
10 60 30
127 406 77
141 386 31
321 399 58
13 231 8
248 257 85
432 449 3
81 399 59
95 105 100
278 454 10
231 461 2
298 407 66
65 169 79
320 426 10
235 424 24
306 416 1
309 399 65
407 462 85
61 418 61
50 190 67
94 289 64
67 198 21
1 90 43
162 382 74
277 313 62
302 488 58
96 459 26
287 422 62
75 229 42
97 265 12
45 90 9
159 325 45
80 481 83
27 312 63
345 356 99
208 258 80
166 219 41
110 218 70
267 388 62
316 357 64
115 494 68
128 239 37
70 249 8
176 184 0
382 425 23
22 441 0
162 489 20
315 334 3
203 498 66
233 387 34
14 477 50
58 145 75
15 122 29
192 320 9
89 236 83
268 365 29
182 392 19
135 419 32
215 220 0
198 463 74
229 428 62
201 415 85
90 495 14
156 383 54
206 233 73
188 309 86
190 246 22
363 431 39
113 243 26
42 337 30
339 370 48
147 246 60
178 264 78
86 235 71
49 164 59
109 377 12
99 107 23
400 421 27
123 299 50
100 136 28
437 463 38
206 323 91
10 113 97
6 15 94
273 277 95
173 489 84
384 450 53
242 263 95
69 258 17
47 372 34
102 146 77
287 426 15
144 326 41
204 433 63
125 383 72
102 336 81
24 28 68
88 357 3
319 369 14
132 432 49
88 338 78
227 483 2
139 344 46
34 354 92
366 385 36
10 350 39
61 101 54
13 127 88
200 363 0
116 328 68
248 491 94
195 296 74
31 369 43
96 352 11
129 323 22
103 180 76
15 181 76
215 289 30
89 268 43
50 438 76
415 478 31
88 374 1
23 388 31
8 111 2
222 351 72
78 89 60
124 448 97
347 463 91
1 192 87
364 392 80
55 407 32
3 287 98
58 480 53
267 295 78
53 165 12
5 81 23
75 378 33
89 181 44
367 476 10
245 485 83
307 478 95
183 301 33
293 311 41
43 339 56
187 324 51
28 53 15
204 447 21
63 275 64
385 470 78
198 444 32
51 187 67
70 280 47
354 387 28
71 113 20
154 293 82
3 233 8
8 195 63
164 324 25
3 29 82
164 337 84
97 200 18
60 410 42
9 434 53
160 435 56
427 439 33
327 377 70
223 369 46
141 483 38
181 299 65
125 484 81
12 415 56
268 324 31
415 431 16
127 418 21
6 457 97
196 484 9
283 299 54
15 411 61
427 479 8
38 426 1
80 190 89
184 342 0
265 299 0
100 109 60
32 294 56
91 306 37
25 308 47
173 288 58
37 109 58
270 474 95
36 81 62
26 280 99
411 490 92
267 416 45
88 198 42
114 220 26
200 244 37
291 375 39
136 216 82
271 382 89
332 475 8
316 376 50
306 445 32
340 423 68
189 437 84
9 10 12
216 234 78
239 328 98
180 276 67
264 343 47
176 215 24
222 337 15
233 394 41
240 374 24
325 387 55
45 187 40
179 280 46
136 341 71
272 425 61
17 381 47
59 263 3
393 489 16
56 164 96
256 389 14
159 215 97
312 445 71
366 431 50
31 67 13
114 405 68
392 428 92
301 334 24
404 483 68
67 448 95
163 218 68
202 309 5
218 396 35
47 57 8
23 157 20
191 270 34
19 268 72
301 332 84
29 245 61
344 483 22
38 221 36
72 409 11
443 474 2
299 400 90
373 463 19
240 381 99
197 270 6
193 237 63
303 385 24
354 365 21
12 319 46
22 402 75
81 199 91
91 106 78
388 457 59
10 210 43
23 75 49
51 153 96
172 419 21
2 430 82
218 480 0
79 181 82
197 302 71
310 476 70
47 119 19
124 432 84
140 393 44
176 466 80
197 437 51
112 238 49
132 135 14
68 92 17
105 410 9
64 149 78
148 292 36
343 480 79
7 46 56
233 462 90
5 279 26
13 96 16
222 415 97
256 403 40
332 472 20
156 294 80
368 396 64
146 272 65
54 419 33
193 331 55
24 278 72
95 424 11
106 153 34
127 133 37
221 382 49
46 489 59
279 499 64
142 237 38
157 219 71
131 143 9
236 333 4
298 339 71
148 230 40
169 216 95
117 330 63
85 103 44
205 404 40
225 293 95
27 53 40
288 476 28
218 243 14
151 444 93
58 124 40
70 337 40
312 316 93
303 399 82
55 245 91
218 292 44
214 348 45
33 493 38
241 488 48
281 377 69
122 127 85
376 425 31
384 443 13
121 175 73
126 317 65
266 423 28
37 302 43
253 491 81
66 450 98
434 460 49
64 77 34
224 451 93
297 378 32
155 440 9
196 319 16
37 491 38
212 416 88
76 489 19
357 433 3
40 328 63
102 487 24
103 264 91
53 336 46
101 408 38
269 338 70
243 371 91
328 353 19
366 410 91
282 371 95
25 389 72
76 264 79
59 72 41
105 178 36
27 358 36
315 345 33
342 371 50
208 482 10
91 118 24
18 411 53
324 370 95
69 306 14
62 210 12
308 341 19
233 256 88
290 339 29
208 303 58
355 364 45
266 429 10
232 373 5
362 436 67
359 497 88
17 201 59
182 409 71
268 343 17
120 248 22
124 320 42
345 465 77
260 470 71
233 457 70
32 45 57
8 150 31
180 375 58
187 250 13
352 407 44
174 373 4
27 452 80
36 122 34
186 199 54
391 500 52
125 320 96
65 383 54
14 309 3
116 454 38
52 153 59
231 379 2
186 321 68
33 495 86
83 240 90
26 145 66
389 480 60
432 495 47
18 221 14
173 284 45
85 322 20
20 202 23
4 33 72
45 326 34
51 64 71
260 395 31
5 115 85
68 141 82
260 442 39
71 194 46
238 306 38
5 428 10
100 157 98
294 337 69
19 472 27
4 160 59
110 276 13
265 393 36
262 282 84
365 393 84
72 199 60
150 208 99
125 373 29
140 206 18
5 212 0
195 318 75
442 465 39
199 404 94
358 364 0
148 314 59
378 483 61
255 428 31
114 150 61
96 168 1
25 149 12
12 44 90
192 250 99
210 392 81
192 478 73
29 190 44
38 278 25
23 118 33
14 238 63
57 460 15
196 499 93
88 229 66
51 356 92
74 300 21
14 17 74
37 380 35
104 163 43
121 343 20
255 380 99
146 471 75
84 419 84
21 233 1
57 271 93
110 118 42
86 217 49
81 400 80
183 291 59
210 238 3
42 444 39
300 326 77
186 210 59
135 176 37
72 234 6
75 93 37
117 273 63
39 266 66
55 139 23
237 390 11
220 487 29
26 130 64
70 429 15
100 355 21
330 348 52
5 370 42
38 333 7
402 497 68
149 313 5
175 444 95
18 73 18
219 245 64
358 460 35
210 302 60
414 473 5
225 451 7
53 474 11
14 340 15
486 500 2
28 278 23
39 297 61
288 490 55
249 251 43
134 325 91
315 477 28
164 214 86
38 326 35
177 481 74
298 402 77
56 113 38
116 450 21
8 91 58
270 372 18
321 400 23
40 413 14
337 464 98
227 455 24
177 206 59
264 323 0
140 432 93
276 443 51
140 480 39
199 480 13
425 436 78
192 358 74
107 113 9
167 392 31
261 464 34
66 162 46
196 407 92
245 297 89
115 445 90
84 273 22
139 345 2
106 472 11
365 379 55
177 234 80
30 255 76
131 474 14
30 213 79
261 387 47
99 199 43
230 324 91
120 130 29
416 488 46
232 300 25
91 417 84
230 447 81
175 427 87
252 430 13
122 266 81
17 93 79
194 445 60
76 450 50
220 362 21
1 3 62
187 391 82
244 289 84
27 186 90
19 483 4
166 263 76
145 259 8
17 124 63
176 208 66
162 396 27
74 299 90
150 306 18
154 222 31
221 356 92
19 436 83
369 419 37
261 465 35
32 230 96
235 499 66
137 321 91
90 191 71
156 380 64
114 441 95
99 174 61
358 425 24
274 363 74
29 43 32
91 167 28
446 476 72
72 160 56
17 42 23
103 189 7
144 185 29
356 407 16
207 262 93
10 337 51
71 492 12
32 152 17
68 289 47
107 293 61
242 382 52
276 304 21
245 440 28
277 392 89
278 364 17
421 426 40
195 431 82
38 450 80
217 441 51
128 183 92
104 223 12
166 201 98
291 447 0
197 245 8
250 262 5
219 399 67
46 276 6
47 288 31
243 383 92
89 293 24
277 299 66
194 310 69
34 44 99
169 421 66
29 83 36
307 494 73
283 454 47
35 127 100
193 456 62
161 183 59
186 316 72
329 491 16
198 245 89
32 97 11
191 488 10
188 261 94
216 438 11
209 294 82
80 480 17
150 278 36
261 445 62
100 153 66
368 487 63
101 410 81
242 457 43
96 183 83
391 404 56
481 489 44
73 87 12
252 383 17
212 448 98
5 472 93
461 498 89
139 479 15
216 433 59
56 310 100
176 488 85
153 179 38
271 366 71
4 20 79
217 358 49
218 463 75
43 321 77
121 471 100
158 207 60
422 445 46
97 377 38
296 403 72
62 137 48
141 448 48
34 353 64
24 286 46
333 462 73
38 443 23
339 417 74
112 435 53
28 41 11
162 299 84
98 381 19
223 422 2
34 497 6
47 71 46
352 436 98
30 265 65
1 188 7
167 352 45
77 498 46
16 214 97
194 211 5
4 235 88
454 482 49
26 94 64
112 338 81
144 431 79
49 410 66
56 156 31
139 232 40
110 194 88
109 494 83
223 395 58
100 223 65
53 420 3
296 455 37
88 158 59
404 445 8
161 369 87
113 271 12
58 348 10
227 346 66
36 179 5
329 401 53
13 91 57
37 91 57
74 419 74
47 481 38
185 189 24
26 58 71
33 252 55
57 468 23
108 165 81
3 6 86
250 437 17
433 437 9
254 286 15
364 379 67
189 410 74
95 292 69
155 160 16
162 231 60
344 364 90
17 213 6
374 381 76
112 132 31
314 395 45
168 223 35
84 264 80
63 94 16
256 304 24
198 293 44
213 453 86
11 342 31
157 489 64
77 373 1
452 473 61
107 213 84
67 269 44
291 316 89
88 174 87
338 341 97
211 473 44
296 347 77
50 161 71
140 161 39
108 172 48
168 274 87
28 176 33
375 441 15
216 280 24
46 477 12
15 465 13
85 138 74
447 453 75
92 259 85
363 483 54
2 60 48
27 420 77
306 330 42
9 466 33
185 236 43
86 338 68
199 368 40
217 487 54
55 113 47
147 385 60
392 411 84
127 374 95
366 469 62
151 483 98
310 411 17
215 345 69
219 322 28
395 470 23
33 347 95
61 363 97
30 47 30
100 345 58
151 154 17
33 427 44
38 162 73
1 2 87
219 410 60
321 353 43
260 416 90
15 267 74
280 494 91
122 353 18
178 381 18
96 272 86
76 499 53
459 489 18
37 349 53
416 439 43
216 235 52
182 209 76
11 98 71
208 284 67
163 452 42
117 131 72
106 203 39
263 436 95
69 314 69
320 403 66
7 311 70
368 477 7
125 138 70
137 409 34
161 446 37
252 255 38
69 382 9
85 344 91
41 161 95
205 305 58
109 247 63
72 351 11
61 336 39
182 377 3
75 423 21
249 362 36
200 304 86
187 441 83
229 467 1
211 287 2
91 463 98
90 201 47
64 220 6
271 298 88
71 340 62
67 318 56
21 210 93
5 24 52
118 490 44
278 317 4
12 330 74
126 436 4
103 258 10
137 341 8
238 323 0
21 36 25
218 411 77
9 176 55
420 439 49
72 302 25
132 415 72
50 287 83
160 417 90
153 331 86
73 286 9
81 152 85
120 230 48
4 223 71
121 222 97
242 303 92
331 451 43
44 488 84
35 167 98
474 492 16
155 332 60
299 389 26
126 251 73
126 147 66
192 226 90
1 482 55
20 131 17
314 330 70
7 105 49
472 478 22
49 140 77
433 438 97
257 261 46
334 367 54
315 383 93
75 327 36
341 345 25
173 439 98
231 460 1
103 123 83
42 154 34
18 64 37
233 398 54
218 345 24
133 430 82
165 479 46
254 461 54
39 442 53
265 328 90
88 378 6
170 407 20
87 287 70
290 397 82
240 283 62
33 45 44
6 14 24
67 392 49
113 357 71
254 397 76
44 321 60
87 342 23
281 398 95
272 293 98
285 446 74
7 85 69
205 354 68
91 132 31
30 138 93
340 379 25
321 383 74
282 350 6
228 381 19
73 227 99
286 292 12
405 446 8
54 387 47
76 231 48
28 30 57
260 436 54
13 406 23
26 137 8
358 421 58
330 393 99
22 285 99
74 167 98
122 376 30
88 410 37
157 301 68
88 310 94
259 498 92
364 408 87
117 147 61
13 238 90
349 437 86
116 354 8
268 370 68
291 422 51
55 270 71
196 423 31
23 209 12
47 344 74
150 495 39
81 388 6
318 432 41
210 213 13
74 463 49
3 37 18
80 275 31
44 144 60
314 414 9
123 485 79
263 322 29
280 480 86
120 205 95
178 208 48
153 374 0
73 432 42
254 327 67
275 293 30
20 262 1
340 345 3
247 267 30
47 281 64
67 147 17
448 476 11
138 199 77
31 393 36
177 480 85
444 487 5
70 298 36
74 96 1
137 221 55
50 451 42
140 263 16
136 213 95
4 335 36
328 366 21
400 442 34
393 481 71
176 440 23
96 456 90
8 187 99
22 475 82
207 291 64
99 436 3
72 270 60
14 154 50
317 361 37
106 141 79
17 427 76
6 302 90
42 87 85
150 245 59
374 391 48
302 422 22
246 411 54
34 463 50
22 43 28
86 412 61
168 276 69
419 497 64
245 385 93
290 448 46
85 95 88
228 477 40
148 231 72
41 48 57
242 301 89
331 486 44
328 498 54
189 421 0
192 270 56
208 416 43
377 390 34
243 473 70
186 423 84
217 252 24
288 480 32
15 156 55
150 301 29
186 440 83
144 379 84
148 223 99
323 420 39
138 270 69
15 428 64
81 379 5
93 477 76
181 500 82
181 379 31
299 325 19
263 391 24
17 30 22
60 154 30
119 374 76
336 379 7
148 415 69
107 158 72
311 456 24
116 357 83
151 434 66
167 176 31
29 114 61
54 70 66
290 440 100
124 152 95
66 436 10
24 259 96
202 339 4
37 425 35
371 421 55
53 256 9
141 155 26
174 481 41
376 454 70
403 451 42
238 432 14
34 438 44
90 174 13
484 489 48
387 446 9
440 442 65
220 407 10
70 339 8
183 261 90
157 439 32
244 424 100
73 333 58
98 308 12
265 462 78
187 460 2
274 391 61
6 138 45
77 96 76
123 142 30
53 363 20
136 357 0
164 353 2
219 351 9
267 346 31
144 343 16
226 254 20
196 255 24
200 337 49
7 52 58
191 265 36
63 149 60
178 431 13
33 63 38
114 340 53
140 335 87
157 285 98
137 334 44
147 191 22
207 329 49
456 490 98
118 245 81
267 492 9
295 304 94
89 118 58
113 495 20
165 298 64
121 410 89
195 320 54
141 334 3
59 264 8
20 494 1
51 441 39
182 369 81
14 282 96
137 163 100
43 112 59
75 293 7
138 491 41
239 270 31
201 443 40
7 209 36
108 457 26
340 470 85
191 311 87
373 484 31
190 445 0
277 362 89
220 354 65
111 153 90
72 464 62
277 402 99
409 473 50
181 327 16
42 123 25
17 140 69
149 243 33
448 477 94
4 174 76
148 169 80
236 406 97
71 457 29
369 431 85
12 90 68
113 141 1
305 492 94
13 267 90
210 261 50
257 369 84
203 467 51
34 351 27
240 328 59
34 60 23
114 493 69
103 292 77
32 215 77
11 58 35
226 230 8
157 183 83
458 496 79
12 429 47
471 479 60
112 167 10
177 467 26
354 392 87
166 330 74
252 477 6
51 148 14
288 382 17
413 419 68
54 211 58
142 278 96
66 424 83
68 476 11
43 401 58
227 344 91
36 37 99
52 72 73
9 211 19
106 199 47
89 186 30
205 260 65
26 238 5
252 309 40
399 436 3
11 339 38
24 283 86
451 493 7
210 483 17
229 450 50
214 417 28
82 364 27
107 413 19
111 234 22
469 482 17
269 420 61
266 499 4
316 466 100
161 430 96
108 363 93
35 430 91
107 314 38
53 54 71
39 316 18
148 211 13
382 472 76
265 461 2
238 364 92
19 277 1
338 496 8
330 467 27
36 173 51
297 396 81
108 442 59
87 448 45
248 432 27
338 371 84
27 350 54
178 192 20
94 208 80
365 394 67
42 458 34
449 479 30
128 427 84
149 208 13
204 255 31
93 321 48
158 263 20
179 332 36
106 191 69
14 474 85
109 457 79
291 374 25
201 460 56
185 411 28
202 232 91
37 424 9
133 227 52
218 278 83
390 459 4
249 414 71
20 171 98
274 417 2
128 485 74
230 467 15
23 225 12
372 462 98
312 442 63
56 238 7
364 492 10
50 454 99
115 255 47
147 163 72
75 200 14
150 198 21
161 488 5
89 327 33
57 301 23
370 408 59
117 359 68
94 133 56
246 484 39
81 136 39
95 465 59
346 423 42
340 404 28
123 264 39
76 181 4
137 299 87
12 29 33
26 372 68
33 281 29
3 211 58
141 183 6
62 134 100
115 277 10
153 209 8
398 455 10
11 497 99
98 425 0
8 419 63
114 269 96
27 429 26
73 427 2
124 126 39
83 341 52
28 284 57
131 452 94
136 382 86
309 483 46
178 329 82
417 436 42
92 240 60
6 237 81
365 380 12
99 485 56
99 200 72
325 500 62
106 252 74
39 215 67
35 213 77
114 246 79
270 379 36
32 154 100
126 320 86
48 329 54
179 234 34
97 244 48
174 222 36
289 498 91
340 469 59
322 381 9
164 308 47
92 423 33
185 275 93
104 497 96
116 443 46
139 403 85
228 478 11
172 490 79
316 384 81
226 448 21
78 203 79
62 120 78
111 391 20
130 253 83
37 200 29
319 448 85
189 387 99
48 307 3
62 84 48
285 303 8
287 406 91
370 413 88
241 297 100
211 376 63
93 417 99
11 166 29
368 484 39
236 387 85
15 350 79
280 443 88
273 323 61
37 218 63
266 311 76
167 248 2
311 451 32
25 192 71
165 312 4
185 202 14
112 417 60
254 483 38
71 360 1
132 423 34
111 459 58
348 442 0
144 378 39
28 276 15
401 470 10
94 115 54
6 365 78
103 239 17
461 480 2
342 457 42
254 255 86
6 84 31
97 498 43
7 288 84
445 484 39
233 243 39
97 180 42
57 200 96
232 284 92
215 493 5
446 464 98
57 428 95
54 141 61
9 462 57
281 381 4
215 277 68
167 177 14
63 439 41
446 454 43
23 66 89
304 384 2
88 226 19
7 142 79
150 461 98
442 492 85
32 193 77
280 457 53
244 307 92
94 386 82
20 79 70
81 358 33
194 389 43
362 368 95
350 368 93
158 415 42
81 355 55
49 91 34
79 82 48
120 342 58
447 470 61
233 470 44
22 255 1
232 292 89
162 177 39
373 422 82
186 466 3
374 447 97
65 359 20
138 386 38
181 221 68
322 377 30
112 413 86
130 256 0
299 497 79
27 119 50
374 407 92
65 82 28
255 278 1
94 119 49
367 464 62
343 367 24
132 179 59
147 217 24
31 116 8
7 194 84
224 425 18
58 346 71
70 402 94
70 231 86
47 168 61
136 174 20
17 73 90
61 203 52
2 487 1
262 416 81
32 299 43
100 492 6
139 338 54
112 439 22
105 458 100
142 355 42
265 471 29
389 434 10
134 418 11
63 292 10
62 383 79
187 230 71
315 421 37
104 194 30
21 45 93
9 223 71
66 77 47
58 221 35
322 394 96
138 177 85
260 418 54
234 321 23
270 409 58
60 482 44
68 84 26
23 28 64
33 490 20
4 268 60
57 278 17
80 148 60
295 465 64
415 472 96
14 262 97
147 309 68
79 85 46
261 373 51
29 359 30
19 252 38
110 262 54
5 246 38
90 103 5
293 429 24
202 359 99
284 491 0
148 313 88
80 198 72
121 204 53
125 225 58
400 440 87
85 110 92
233 317 56
19 21 29
452 460 0
73 329 91
131 415 72
67 78 52
215 429 29
146 436 4
151 273 90
108 447 83
256 284 43
394 429 2
136 176 4
3 394 77
88 242 18
105 430 95
278 339 89
68 488 83
149 296 56
272 377 13
52 271 97
415 434 32
90 251 32
113 172 54
81 491 97
66 379 12
27 268 4
125 251 41
89 380 4
84 142 47
77 446 50
22 38 32
149 217 69
174 262 1
46 269 27
28 68 27
44 224 22
21 95 66
446 497 80
323 346 29
70 114 1
122 405 79
64 389 75
114 267 20
91 333 51
174 239 40
18 342 12
117 384 5
150 231 94
146 195 49
79 487 65
17 187 22
201 304 68
159 263 37
318 366 41
246 390 66
13 84 3
166 194 9
97 300 90
76 459 47
132 261 42
373 439 67
79 280 76
329 432 41
153 173 45
130 161 30
175 286 94
324 485 37
97 497 88
169 312 6
254 466 69
423 425 9
142 262 29
353 401 40
139 480 91
260 379 72
15 107 54
296 389 97
61 284 14
85 376 32
29 318 22
412 451 71
459 482 35
323 468 9
85 206 44
332 470 54
15 104 88
1 268 30
184 266 43
129 177 28
159 391 73
10 202 71
82 273 77
13 251 80
119 375 55
93 312 73
102 214 73
486 499 89
20 378 79
4 22 37
14 101 32
337 359 36
258 399 4
307 375 91
15 100 19
34 418 52
225 302 30
203 306 34
229 432 14
214 272 87
372 450 1
295 399 78
41 116 49
228 491 41
418 471 3
161 200 88
52 347 26
196 295 97
87 265 89
35 141 10
341 402 6
284 336 31
122 211 97
116 413 73
172 307 11
10 341 69
109 332 75
26 289 50
141 237 38
144 469 26
36 177 59
403 413 60
209 418 70
371 392 49
210 354 18
431 440 7
62 432 75
179 194 31
346 458 95
95 321 75
393 474 48
300 433 7
182 421 35
186 450 74
47 141 71
74 433 35
261 497 99
18 46 77
328 453 31
353 419 5
129 282 23
9 230 71
60 499 60
378 410 48
163 175 69
114 272 13
236 374 88
105 431 18
99 175 32
295 490 11
290 357 16
380 494 87
275 414 37
130 147 4
419 474 87
61 172 33
48 300 22
327 357 51
35 169 6
161 413 58
203 315 50
244 412 16
374 460 84
320 494 90
137 198 36
42 165 31
199 487 75
254 282 41
246 283 11
260 398 91
115 160 51
331 338 97
240 500 15
113 191 35
155 285 29
92 201 56
60 441 15
109 281 63
154 160 4
107 494 30
131 269 57
391 421 63
2 464 58
5 441 34
190 293 83
259 477 28
230 385 31
142 211 45
389 397 81
350 477 35
9 65 1
299 461 15
255 319 54
365 420 93
6 396 61
111 199 57
56 414 89
14 65 71
90 294 13
179 209 37
194 224 4
11 360 41
275 413 49
145 209 7
157 448 25
331 358 1
208 462 76
181 254 25
193 310 67
18 352 58
54 129 94
108 318 0
46 277 100
186 376 89
278 408 57
189 452 32
178 211 26
156 239 82
32 324 66
121 308 88
111 479 58
439 444 58
128 159 7
316 407 18
51 463 19
148 388 55
22 56 81
83 360 2
59 353 56
71 356 15
369 500 54
193 425 25
52 378 97
215 216 73
368 441 54
317 402 54
277 409 83
158 398 76
215 232 50
199 282 32
128 215 38
420 441 68
11 65 15
181 303 23
116 349 90
391 394 18
103 200 95
213 360 56
171 277 0
391 442 62
300 393 70
31 315 46
79 381 33
263 326 87
252 469 31
234 403 18
1 174 85
255 382 85
280 445 14
412 477 59
27 480 97
42 425 49
224 312 88
196 363 86
451 483 18
91 397 87
7 15 48
150 163 52
30 228 43
143 425 56
81 91 4
172 312 17
173 466 14
24 320 31
230 394 83
7 183 47
80 120 84
345 399 7
150 414 83
284 301 20
70 305 76
11 394 43
41 219 78
288 435 98
195 215 26
16 230 31
86 409 21
1 119 84
320 405 26
131 145 66
320 384 77
379 494 58
91 443 87
305 310 73
245 352 37
93 256 77
346 378 36
336 396 70
16 43 51
131 462 99
21 485 50
75 247 78
174 204 87
9 29 89
68 123 23
222 392 39
2 219 56
159 416 54
254 299 74
84 180 99
25 196 59
57 221 71
299 449 0
2 189 74
372 487 20
28 333 1
33 489 27
26 40 53
225 406 33
320 333 64
118 351 20
216 467 50
10 497 94
228 410 51
267 338 22
62 192 98
124 298 55
347 422 2
168 183 21
2 102 58
51 430 90
217 256 27
37 355 13
298 343 63
61 118 97
69 276 12
34 415 64
54 298 0
89 143 80
350 490 41
77 297 68
100 315 78
453 488 47
233 376 54
96 237 94
248 395 13
101 156 55
354 448 65
52 430 59
57 163 64
163 371 92
153 488 13
278 368 49
42 84 2
13 319 54
65 248 70
234 356 94
179 381 84
284 375 44
42 414 47
298 419 62
19 463 60
124 198 22
175 244 6
40 332 25
113 431 72
14 343 76
368 415 59
51 345 82
159 241 83
161 295 94
221 306 32
42 113 96
137 491 85
61 310 54
306 374 10
46 367 49
338 363 26
290 413 92
329 400 84
476 494 11
163 457 97
81 103 42
55 388 13
306 404 97
45 420 2
144 324 5
260 347 85
68 463 51
28 443 23
106 483 74
128 170 81
189 359 46
75 350 13
126 142 2
428 453 58
28 392 36
72 335 40
104 227 27
277 483 56
138 272 49
5 26 55
170 221 89
254 418 12
333 383 6
331 386 56
137 338 67
401 476 66
210 350 17
330 388 16
345 493 73
21 35 20
280 285 20
57 92 73
57 124 17
226 427 87
242 259 90
263 273 70
335 446 16
170 247 40
132 376 32
106 437 68
3 77 66
275 365 44
279 380 58
178 447 61
237 461 18
250 394 5
126 229 3
36 255 45
137 168 54
217 408 92
205 435 26
167 373 62
34 86 98
122 165 66
45 457 64
193 202 90
357 410 7
29 130 61
51 185 7
94 459 36
111 236 47
200 210 68
26 200 76
260 447 35
189 327 33
138 375 95
211 450 8
236 319 20
389 456 99
33 270 51
194 249 18
107 238 78
8 24 37
153 202 84
61 210 91
306 451 14
229 439 12
195 304 76
148 492 22
5 488 53
375 459 66
369 437 13
128 411 9
1 331 55
234 415 7
34 182 49
159 307 14
220 486 69
387 488 99
95 310 92
300 497 33
80 457 24
278 338 96
53 85 99
84 176 41
23 431 12
320 429 94
244 285 75
52 119 11
102 499 72
82 396 88
53 190 42
281 360 63
36 115 26
237 431 36
231 404 3
153 461 41
413 450 25
68 320 1
33 121 86
227 366 62
183 232 98
42 406 12
264 324 57
11 256 4
134 342 4
239 447 97
123 417 21
84 213 84
202 416 54
290 331 27
36 99 74
330 336 60
160 465 50
56 245 91
134 395 35
14 439 22
305 477 1
147 269 46
17 178 60
98 414 84
112 259 0
172 471 76
149 414 75
421 440 22
300 448 26
237 282 93
66 286 94
276 359 51
126 167 48
77 153 26
114 427 53
176 482 0
398 486 15
248 373 21
27 337 95
215 279 46
174 422 58
43 212 52
299 458 71
10 366 35
439 495 62
233 436 69
266 328 43
140 173 26
203 389 76
174 275 25
229 492 78
322 369 94
74 326 51
44 417 48
66 494 93
421 436 9
45 474 23
268 500 67
10 32 40
182 199 26
203 250 96
20 340 78
135 423 50
115 174 75
183 213 64
117 415 24
55 462 81
105 187 68
171 280 11
83 147 4
134 385 40
12 255 25
30 160 37
78 177 81
203 305 17
40 317 52
162 264 12
101 164 37
158 190 21
34 76 22
91 108 65
64 397 89
259 444 57
39 245 33
50 141 45
74 449 22
199 443 37
280 299 37
373 476 2
380 448 36
277 292 92
453 496 23
161 409 73
207 468 79
233 252 65
46 455 77
151 288 34
102 345 59
136 397 3
216 256 14
278 291 54
120 385 36
180 436 41
20 107 60
112 148 67
41 86 57
331 355 78
236 449 21
6 9 15
69 84 0
123 242 11
21 318 46
172 249 16
144 315 35
304 471 44
79 165 59
76 309 66
121 414 76
41 79 11
475 478 49
10 16 24
91 328 87
257 460 60
117 235 79
15 335 95
399 480 66
361 394 90
143 459 20
10 129 46
245 254 76
20 85 80
270 485 65
52 176 28
112 299 55
129 336 38
17 418 73
230 473 34
222 380 96
104 455 51
349 442 83
330 353 53
175 275 67
230 284 9
115 485 32
230 363 83
175 451 24
167 343 63
68 184 47
38 105 5
178 423 0
114 174 2
312 479 56
259 489 33
126 348 87
319 390 21
35 192 7
29 78 68
36 226 94
6 209 66
256 452 35
112 138 69
27 275 92
182 442 42
377 450 44
234 299 98
107 211 87
43 120 38
181 459 74
25 198 84
97 439 57
229 295 49
74 282 89
207 231 67
29 463 18
472 490 56
250 438 52
384 500 47
125 404 30
304 394 72
393 454 38
126 274 2
29 424 56
243 314 88
66 130 78
269 324 10
69 320 85
136 383 58
20 339 12
13 276 18
264 272 10
407 498 92
24 210 21
196 339 24
78 349 80
92 363 86
225 335 19
170 338 46
349 381 93
57 430 18
95 369 26
352 414 29
256 323 11
264 442 22
62 366 45
31 384 18
333 343 55
172 219 99
14 46 99
396 495 94
116 132 62
23 195 57
106 395 96
60 389 51
297 467 60
108 328 26
28 187 40
199 325 43
14 319 98
22 352 69
230 273 46
221 297 94
15 90 64
347 406 13
373 500 36
266 280 83
220 467 11
165 258 59
214 324 85
321 420 27
3 347 9
14 500 65
226 416 21
14 232 67
45 210 9
105 327 16
122 325 1
136 403 47
236 423 70
49 275 15
301 414 94
18 369 59
234 463 0
245 444 19
206 291 23
121 457 90
173 201 34
150 195 84
310 495 90
104 187 78
26 114 43
162 485 25
280 450 79
299 404 61
184 370 44
60 207 12
222 230 88
114 167 12
21 214 44
41 139 81
135 330 26
115 152 71
263 384 93
262 450 66
145 354 89
325 484 41
77 238 99
135 497 62
90 219 4
162 241 46
365 426 26
186 478 3
203 375 57
53 444 2
67 233 42
88 107 21
124 292 31
144 381 0
325 401 17
334 427 91
58 309 65
127 254 81
134 417 85
481 484 75
35 482 45
96 164 62
248 435 7
164 274 57
108 220 14
131 296 35
231 286 59
212 322 71
400 406 71
163 455 31
224 491 22
248 268 47
140 271 91
139 459 85
379 391 70
90 410 62
4 380 100
21 419 92
50 95 95
76 425 8
308 383 74
171 326 87
244 298 91
294 389 18
12 491 37
111 193 55
18 420 24
282 354 65
171 340 57
293 313 60
51 325 78
135 140 36
353 362 19
140 470 86
393 434 82
186 338 53
271 282 86
113 262 78
215 226 50
169 383 51
75 482 43
184 422 68
335 481 73
152 249 82
270 402 70
2 13 33
148 485 47
154 192 80
15 199 38
123 364 79
71 179 7
198 259 85
106 311 39
46 57 19
14 21 17
26 33 65
260 440 57
483 493 48
353 483 73
52 307 1
180 258 60
154 195 97
64 115 46
309 343 62
149 420 38
252 372 65
301 405 84
53 191 25
147 203 0
165 450 100
121 286 77
169 386 67
218 477 76
8 228 3
26 410 36
19 329 52
275 354 39
15 327 48
255 366 91
214 440 14
242 460 93
57 341 74
202 363 100
110 383 59
10 476 22
289 437 62
197 396 49
175 331 94
429 482 85
52 251 39
277 306 86
257 492 46
16 132 84
374 446 57
275 292 31
3 13 51
34 374 1
9 331 42
197 358 13
64 414 3
451 455 46
380 482 69
193 336 36
168 220 14
124 379 36
148 196 79
300 481 92
425 487 51
32 237 58
135 467 73
96 400 34
82 194 64
105 439 66
125 134 92
223 361 91
177 438 95
60 467 95
107 497 10
12 365 74
20 220 12
28 496 100
204 454 93
146 280 11
60 373 51
370 486 27
120 383 98
266 269 31
40 418 55
73 340 90
2 301 11
166 374 77
15 244 81
174 311 28
158 438 53
156 225 60
177 401 34
17 386 82
79 400 6
312 416 58
98 324 74
59 341 46
58 101 86
83 97 87
30 124 30
217 423 79
35 266 47
137 452 74
13 444 24
148 472 99
92 114 74
73 198 1
154 299 77
11 422 22
73 487 7
199 361 48
155 329 29
11 439 56
88 263 45
30 277 62
184 222 91
50 245 47
285 361 88
299 369 19
38 445 87
346 373 70
391 444 13
400 469 7
224 274 75
88 135 15
2 57 49
224 400 91
12 357 29
59 398 64
59 257 95
130 287 27
94 240 66
427 495 10
58 300 6
96 495 81
472 485 24
189 348 38
282 355 94
302 392 74
103 348 83
188 238 13
281 291 82
92 136 98
185 365 78
76 426 1
76 272 52
214 357 46
320 356 45
189 197 22
407 440 82
193 347 44
318 476 73
365 371 50
107 408 28
59 86 1
227 481 13
203 470 47
32 320 30
162 484 76
149 287 75
404 418 94
316 486 42
284 344 1
97 275 61
29 132 5
56 190 48
339 364 65
141 264 63
153 194 56
57 358 75
166 172 2
192 462 75
119 330 55
14 67 30
168 469 49
72 94 74
8 365 60
147 442 65
265 447 88
422 476 33
84 278 87
142 271 100
183 210 83
45 96 79
26 384 11
365 405 69
394 410 16
156 206 44
223 352 82
67 161 68
492 495 44
77 480 59
84 211 34
142 463 87
84 400 27
196 246 16
277 310 81
119 495 68
343 359 35
65 455 70
231 466 78
52 477 66
61 351 8
130 182 56
120 198 58
272 491 64
219 500 79
25 34 36
319 479 71
180 324 20
235 342 19
141 232 51
207 461 55
154 432 57
43 385 88
172 418 4
81 124 37
172 310 25
125 313 72
415 424 64
57 131 39
49 339 44
197 336 76
257 448 22
54 212 49
432 491 2
142 421 71
17 74 76
3 83 72
116 415 60
263 293 100
263 272 36
166 277 15
32 51 3
107 351 63
38 159 71
17 25 79
152 192 57
315 474 54
123 159 94
63 118 80
35 190 17
227 387 78
74 364 1
24 70 77
303 312 87
79 416 12
136 497 46
182 427 85
33 353 34
314 372 89
136 306 42
341 469 65
307 446 85
216 458 39
151 295 62
31 137 28
20 479 67
149 237 82
421 447 81
37 95 34
10 95 84
27 291 57
129 395 78
277 497 34
194 480 2
93 485 65
236 434 79
72 330 98
59 210 86
142 194 44
169 245 59
63 211 97
46 437 71
67 171 17
160 374 82
80 165 9
95 233 15
26 263 6
232 283 24
392 397 40
137 488 8
210 453 89
126 258 46
329 363 84
5 130 60
149 384 21
99 140 33
411 434 71
220 499 17
122 483 42
293 494 76
164 297 12
23 154 25
150 234 62
271 279 100
63 236 79
76 451 10
174 269 68
68 310 14
208 495 72
443 466 45
239 437 90
78 291 3
57 209 15
246 412 68
173 182 55
372 455 25
22 486 85
377 491 93
96 399 82
78 447 87
227 456 55
94 266 29
125 213 13
384 442 21
97 286 89
198 257 15
37 326 26
27 243 22
28 302 66
296 444 19
66 121 3
227 356 91
191 403 63
95 493 70
22 114 19
292 349 71
360 367 91
140 316 5
254 451 2
24 384 20
234 315 88
157 190 91
347 401 3
56 410 94
14 75 70
119 353 58
145 301 53
93 210 51
129 423 61
310 448 13
20 303 100
385 472 64
197 402 68
28 330 0
235 489 36
171 352 9
122 234 27
316 446 52
70 125 55
293 336 41
66 139 57
17 44 32
51 323 89
281 472 15
362 427 93
176 430 86
188 480 29
65 240 94
47 188 96
107 290 2
300 314 91
277 438 40
350 376 43
171 283 87
45 231 81
142 162 58
145 423 73
125 196 80
123 170 95
36 224 45
1 417 9
158 193 81
255 404 71
49 179 98
326 478 99
138 402 15
153 205 45
273 290 0
205 357 86
87 462 40
147 441 96
136 253 56
331 418 68
291 304 72
459 478 11
269 406 49
54 121 68
44 479 91
85 102 44
197 480 42
44 194 24
28 185 99
1 63 82
239 450 79
297 487 50
391 453 95
125 197 8
405 442 19
76 292 66
149 406 17
124 454 71
414 497 35
158 164 79
54 293 95
231 366 77
148 243 87
43 160 97
119 376 68
26 63 28
79 229 82
18 167 98
5 165 27
96 212 37
244 337 40
107 432 9
187 443 46
112 447 20
174 337 99
408 426 45
107 196 67
48 176 49
51 196 45
162 310 74
357 487 36
202 478 71
152 334 47
425 471 72
182 190 65
201 347 18
145 332 99
234 479 55
73 167 56
19 232 14
85 431 98
30 465 53
335 395 99
219 238 61
194 484 29
118 366 71
145 485 38
97 136 78
458 470 13
32 179 11
77 337 49
61 341 90
335 386 6
71 185 49
164 336 91
333 362 57
310 325 91
120 315 54
54 275 60
21 115 61
4 498 98
367 458 75
296 346 44
79 209 75
103 150 92
50 55 90
142 304 78
203 232 52
219 259 36
102 352 87
151 247 86
128 146 14
7 16 15
286 387 64
136 202 45
315 416 50
199 360 42
139 355 0
211 446 57
132 192 63
201 395 95
112 244 18
32 195 5
235 347 15
185 376 14
71 431 42
369 490 20
412 438 67
233 443 97
97 146 95
427 448 84
68 112 93
273 344 4
186 192 49
38 328 65
242 497 70
244 294 85
85 422 61
68 193 23
172 218 28
191 475 34
118 469 57
206 217 69
209 335 64
168 235 80
144 300 70
160 354 65
26 371 32
35 435 25
190 420 3
64 172 25
162 479 76
205 414 68
270 408 56
196 290 84
179 180 22
318 363 2
180 400 45
21 56 18
379 436 93
22 310 3
149 181 33
95 212 11
9 68 18
75 377 7
156 394 51
204 473 28
106 371 98
123 155 61
122 343 18
258 265 47
4 13 45
167 349 52
172 416 99
121 490 52
99 291 86
176 309 95
57 471 99
129 372 34
22 137 1
217 474 62
37 427 29
92 303 71
11 289 27
163 344 68
279 293 17
319 441 21
115 356 12
70 327 49
212 498 75
118 402 65
412 491 69
48 189 15
185 431 70
164 172 25
300 454 66
377 399 22
360 482 26
40 429 76
214 257 53
348 465 27
16 159 58
346 489 25
63 237 64
64 382 33
109 130 65
79 195 25
48 407 44
289 381 64
385 455 24
70 334 72
327 335 6
372 451 68
59 126 15
325 415 98
221 479 84
171 268 4
27 206 36
35 48 75
209 310 6
71 497 4
270 367 34
265 282 21
112 307 48
95 448 99
38 133 12
180 344 47
99 276 65
20 453 21
69 430 22
238 357 86
121 435 44
17 307 23
78 337 81
76 164 44
24 147 87
104 392 98
275 473 23
143 388 53
34 327 31
70 319 83
4 82 72
73 96 94
66 239 58
62 388 71
115 302 90
28 86 70
51 372 63
65 118 65
349 373 7
409 460 65
308 310 54
272 406 42
21 272 23
70 203 24
169 466 80
184 351 48
110 374 62
15 475 89
169 354 32
220 304 26
444 497 57
191 195 34
84 266 8
132 220 50
2 347 32
160 307 63
159 404 9
235 286 65
364 368 32
102 169 37
227 244 59
208 318 5
297 411 19
32 384 39
66 242 73
79 133 95
271 368 9
45 440 97
63 206 79
205 225 15
45 113 79
356 432 62
189 373 2
168 373 91
139 350 59
157 248 48
221 420 71
225 421 44
78 333 51
124 237 21
201 305 95
340 358 37
51 266 86
33 115 60
34 134 94
72 373 94
294 422 10
85 129 59
224 261 44
122 336 22
49 162 47
341 360 27
172 227 53
167 293 37
59 387 83
239 486 76
37 419 55
14 182 84
149 201 9
133 255 6
75 255 73
456 472 52
143 350 56
184 226 79
382 399 32
27 222 17
309 363 34
53 401 40
72 306 93
152 474 51
109 467 68
146 237 16
34 279 30
80 263 70
148 346 65
108 339 71
296 336 5
289 341 44
18 160 90
226 320 45
21 240 91
110 122 18
99 220 81
105 310 48
77 118 1
93 159 32
58 91 32
102 187 20
67 214 88
321 394 73
4 392 83
37 398 67
77 151 59
414 418 42
26 176 84
72 82 94
13 359 68
170 171 2
105 305 51
152 345 74
172 237 44
240 349 24
421 448 23
153 284 34
117 460 88
44 362 51
91 313 100
62 404 76
82 89 39
17 29 74
12 477 98
83 439 66
46 475 77
50 370 3
18 212 98
146 437 81
91 151 44
128 300 49
217 261 77
4 267 27
343 368 69
124 165 29
163 263 37
64 401 29
291 296 83
359 448 36
35 265 96
125 315 11
171 181 95
73 251 29
115 336 17
156 217 32
27 144 55
236 419 51
92 414 69
68 305 98
28 259 97
102 143 53
47 133 46
216 500 79
138 475 62
143 462 6
113 192 95
105 402 50
65 94 93
230 403 27
112 199 9
22 199 75
15 287 68
99 106 92
406 425 14
286 422 45
369 476 86
232 235 63
63 432 55
345 363 35
88 403 59
295 328 98
67 274 7
379 427 3
338 458 77
5 45 45
242 472 12
85 143 77
202 410 21
136 239 39
98 327 52
128 216 83
140 293 17
279 287 58
274 281 20
330 351 66
382 397 65
55 164 20
41 212 3
8 450 82
313 491 67
307 451 65
119 309 74
23 223 64
64 243 32
20 226 99
408 465 19
300 485 84
207 372 1
28 466 12
33 142 99
59 191 76
234 260 19
383 424 61
28 71 70
164 266 59
96 472 3
57 365 56
271 330 41
184 212 37
217 227 73
110 228 98
10 386 1
13 62 56
121 445 20
186 260 87
272 322 71
1 24 27
282 490 44
74 391 48
44 214 21
75 226 64
145 479 53
253 428 74
69 470 27
110 491 45
55 307 23
88 216 2
98 481 32
50 126 87
30 83 24
174 176 26
132 160 32
414 485 93
315 439 32
229 367 68
77 224 51
252 326 34
162 274 54
23 321 18
299 486 16
215 401 1
244 410 39
379 385 98
24 216 17
77 391 76
196 332 12
148 252 98
343 346 52
246 294 21
312 450 56
242 277 80
154 411 92
115 157 79
202 479 15
232 392 75
59 469 38
27 382 6
339 352 65
189 396 85
327 349 34
197 323 98
140 277 47
93 121 45
330 441 8
176 388 0
173 264 45
12 182 29
150 151 8
46 63 28
141 420 58
381 484 77
167 219 30
1 126 61
356 413 65
217 372 15
54 300 72
193 403 52
179 223 15
106 267 78
165 315 5
314 321 57
112 304 24
212 222 17
296 374 16
44 319 57
51 256 24
261 349 70
140 214 12
4 188 60
131 207 100
168 480 96
413 420 25
32 109 45
22 117 77
234 249 87
25 444 53
6 385 1
105 349 11
155 256 3
52 471 61
76 443 40
142 381 9
184 319 87
340 468 62
18 178 58
173 475 74
178 367 76
62 233 60
356 488 81
186 387 38
16 370 82
47 85 24
123 355 55
396 469 21
110 129 66
295 330 70
74 228 16
183 458 25
194 231 20
164 202 54
124 161 63
349 467 60
78 184 11
232 439 40
196 371 50
71 400 42
421 477 91
138 396 56
239 259 57
319 399 36
391 440 65
449 460 18
155 206 56
35 357 53
55 106 18
231 248 66
186 343 69
26 213 39
131 247 83
284 288 9
197 428 99
266 489 68
285 348 63
12 68 19
285 388 69
34 382 79
222 482 38
186 241 4
287 434 40
192 433 17
136 233 90
18 450 33
2 394 35
74 190 91
28 427 30
42 133 96
81 443 10
122 315 42
154 433 99
24 327 71
108 225 57
436 471 80
40 66 12
45 317 27
221 308 1
46 346 85
205 265 47
184 418 49
358 457 42
396 437 59
203 310 33
55 300 97
240 484 98
37 153 94
211 327 45
172 376 52
299 314 47
166 292 62
105 263 26
188 380 2
346 485 52
81 487 0
159 258 63
108 390 10
86 238 3
100 300 50
132 455 42
280 345 91
241 475 36
367 381 13
414 417 84
41 66 63
37 288 93
37 255 89
284 345 26
178 194 74
1 226 16
247 434 64
32 226 8
7 318 83
147 462 51
181 286 58
70 344 74
50 254 45
316 443 18
292 479 83
200 455 79
20 366 5
76 156 40
269 358 9
74 226 32
28 59 40
380 463 99
307 497 79
294 461 77
411 472 79
63 181 79
372 435 68
230 279 52
197 222 50
190 439 70
66 491 30
7 182 6
84 408 14
153 321 2
6 216 75
192 287 96
182 461 9
225 415 12
401 478 58
112 137 38
24 137 76
292 357 38
60 470 36
64 93 14
332 358 18
171 403 33
7 165 26
401 405 32
27 220 22
58 343 3
130 320 9
423 475 26
209 357 44
29 138 2
17 488 92
88 483 70
351 444 20
128 493 76
95 380 69
192 469 23
34 453 70
217 478 20
302 426 37
207 217 40
83 457 86
113 169 18
244 279 39
179 361 91
105 146 26
79 220 21
106 227 47
153 216 45
41 472 27
71 419 40
308 469 77
115 396 21
152 499 85
197 375 26
79 125 88
267 313 80
137 154 25
350 384 23
398 497 9
314 470 3
242 356 15
228 268 33
128 248 74
171 261 17
73 195 86
65 123 64
114 444 17
106 293 52
163 400 82
220 253 30
11 278 1
260 424 25
215 281 59
420 451 41
198 291 19
129 280 25
436 459 70
137 145 71
220 252 3
73 238 13
166 345 27
290 465 76
42 412 86
268 459 10
8 114 3
53 74 21
143 427 95
117 479 89
66 163 35
402 480 30
101 167 66
84 124 58
457 489 24
310 404 61
192 333 54
99 238 41
17 48 39
310 362 55
12 475 38
49 457 3
17 241 47
110 437 77
209 339 57
190 379 3
216 383 21
117 265 16
217 297 76
205 206 40
8 127 13
214 404 75
57 417 69
114 402 23
114 443 1
363 370 52
249 316 59
231 455 84
403 460 84
31 71 62
102 398 54
179 283 28
132 256 11
59 68 55
3 181 25
9 163 43
235 468 60
22 128 85
197 410 57
93 200 29
140 222 78
95 220 3
26 35 66
88 311 30
86 477 13
298 496 60
252 442 80
83 159 80
109 111 43
199 256 88
30 173 79
55 217 96
2 415 54
234 332 80
152 433 70
142 313 52
43 123 50
315 338 42
194 370 4
1 406 62
387 426 82
80 404 29
68 345 62
40 393 57
407 420 16
210 373 57
391 464 23
63 498 69
182 465 18
188 218 88
461 476 44
71 277 72
88 342 100
68 400 78
235 384 27
77 138 99
136 329 46
145 444 45
80 127 58
254 400 4
109 226 23
379 425 41
13 298 46
140 308 64
23 478 64
167 336 5
351 473 1
444 452 35
323 337 91
386 438 52
363 432 16
67 493 13
209 444 95
113 225 51
195 444 6
198 496 86
234 333 92
208 400 75
108 299 44
163 308 52
68 431 73
112 302 33
74 189 9
39 224 72
136 348 27
223 459 30
60 134 20
312 421 65
184 314 41
131 390 96
20 399 17
181 390 44
274 310 42
348 396 28
211 484 80
107 232 48
57 205 47
166 174 28
132 203 34
168 182 63
35 135 30
152 473 54
85 175 41
4 67 16
260 455 31
53 58 59
82 241 56
52 221 32
24 464 60
120 475 24
285 451 30
74 252 81
78 96 69
169 346 1
111 353 14
77 500 46
63 81 32
111 187 50
131 408 49
35 93 2
45 283 93
37 127 60
92 335 13
183 395 75
5 500 25
172 194 65
444 485 45
284 423 58
39 358 90
381 445 84
168 195 49
155 389 72
173 417 96
77 293 86
188 419 92
23 109 5
112 335 80
80 162 57
382 438 6
134 173 99
125 220 37
38 123 40
162 378 72
66 485 56
368 483 3
120 148 32
326 443 12
77 340 62
407 469 62
248 465 35
97 216 79
16 48 49
43 208 37
130 337 61
349 494 60
386 443 85
25 488 56
259 347 21
147 391 11
401 421 5
141 422 6
134 458 63
290 464 53
59 457 31
215 379 48
224 342 93
99 292 81
120 307 97
224 311 69
67 338 26
141 438 1
45 406 47
137 213 34
176 325 2
259 336 16
254 310 17
190 429 84
95 108 52
24 269 4
116 284 97
246 277 83
307 489 19
78 335 3
338 365 7
262 320 87
5 22 34
407 419 8
196 351 64
196 370 98
7 201 6
489 491 37
111 166 31
18 421 56
322 382 72
76 82 66
130 423 13
224 408 22
140 423 90
7 409 53
386 496 96
46 80 22
103 273 37
323 433 93
139 218 60
213 230 83
107 319 41
188 214 51
16 202 24
357 494 31
302 368 23
18 477 38
387 432 49
210 303 79
64 461 93
201 477 27
216 459 99
93 274 98
109 393 59
125 442 52
103 346 36
407 468 72
61 169 8
221 432 18
31 298 7
10 155 32
107 382 21
123 491 67
42 218 87
319 443 84
232 460 60
312 443 33
169 247 100
274 316 69
223 334 22
151 197 7
35 249 36
9 426 93
227 361 5
493 494 93
242 294 74
219 306 84
3 216 62
192 216 96
436 457 79
111 344 14
439 449 15
47 175 12
193 319 79
94 170 96
205 286 91
92 310 32
161 219 21
233 285 44
307 360 59
58 174 4
226 411 66
119 325 39
1 286 42
426 435 32
379 410 16
327 465 45
120 456 5
17 499 16
341 383 35
64 194 8
244 266 0
54 412 5
220 227 8
147 222 74
5 60 77
59 374 48
50 363 88
193 401 2
33 414 14
79 437 9
225 238 97
2 268 98
385 437 52
13 135 38
136 318 0
176 257 75
112 336 81
169 328 52
134 190 83
223 232 41
181 193 88
274 329 28
178 179 67
157 455 30
237 468 72
191 482 80
197 348 88
241 276 95
73 425 4
332 401 27
4 248 61
190 427 45
79 413 74
17 230 67
13 470 82
102 384 36
208 473 7
48 382 67
123 316 21
202 373 27
7 281 20
114 239 40
170 253 22
238 388 36
37 428 95
79 245 85
206 357 22
23 463 22
48 375 3
73 92 14
30 331 37
22 105 46
8 445 11
349 370 81
80 257 37
80 126 62
51 301 75
7 190 87
59 220 12
23 332 89
118 395 42
155 343 26
191 330 55
14 185 44
183 250 24
8 77 35
87 321 76
312 318 23
20 54 67
199 470 96
21 33 54
286 376 91
331 436 81
402 458 21
27 408 16
390 413 97
201 243 99
229 371 42
99 243 14
28 236 38
160 198 2
127 398 35
282 304 92
193 348 45
53 101 18
338 419 61
384 394 50
54 175 23
6 8 46
43 375 16
87 103 92
22 364 74
107 426 17
115 235 82
3 439 17
200 276 29
302 353 19
5 117 23
218 255 16
1 11 69
238 338 42
396 453 21
159 461 57
186 472 41
97 480 77
220 355 45
308 330 69
434 446 29
161 279 5
273 478 16
248 452 37
157 160 10
73 237 8
260 394 89
23 481 56
278 369 23
107 258 67
126 342 20
398 439 98
167 441 7
144 171 81
40 48 76
356 470 81
19 260 49
116 154 47
101 219 47
245 392 22
150 322 19
116 459 16
15 252 75
102 172 86
4 162 51
27 34 63
25 49 2
48 336 45
126 130 93
33 164 97
34 146 1
35 82 80
203 317 22
433 468 25
63 254 69
412 427 92
29 57 75
221 416 28
164 273 79
393 471 3
273 453 28
281 441 49
142 462 39
179 256 85
48 175 81
185 203 28
229 463 78
266 299 76
82 492 19
123 192 10
186 207 61
49 178 100
127 297 39
128 352 78
21 492 77
80 341 88
263 428 60
158 346 29
109 413 76
198 303 71
19 62 63
24 322 93
95 101 43
123 471 25
276 348 14
27 93 43
36 469 23
55 116 9
421 499 40
83 374 58
83 401 55
32 101 96
407 409 1
120 259 57
179 204 3
167 375 32
205 340 25
138 462 61
315 414 46
181 453 94
237 498 67
244 255 99
11 290 32
172 254 51
41 206 51
266 282 44
109 420 94
64 321 61
120 481 92
123 225 35
108 397 76
87 443 98
235 390 83
21 145 1
32 454 49
94 125 71
292 361 18
89 263 76
134 139 40
17 170 30
97 207 38
48 219 93
128 329 92
235 275 11
63 403 79
33 413 24
4 385 7
121 476 14
96 179 17
120 296 6
141 173 53
170 454 23
77 177 23
387 390 42
221 381 97
296 361 53
155 366 24
99 289 28
327 442 37
229 342 99
44 269 81
193 269 30
73 482 37
319 411 30
427 447 19
186 337 40
73 80 70
190 219 39
382 490 33
393 440 22
131 226 26
3 396 17
46 257 22
215 431 52
113 233 100
346 481 14
238 401 67
16 478 24
9 395 79
326 441 50
65 458 66
227 487 68
186 216 26
7 496 7
30 303 62
331 466 49
409 486 22
29 392 56
111 278 16
38 403 32
469 493 10
190 387 2
364 472 66
226 317 79
224 230 34
291 299 70
31 230 31
62 480 65
123 238 8
144 196 21
43 171 51
56 192 30
202 455 91
70 490 36
280 306 35
170 420 4
4 109 66
63 68 24
26 428 67
265 476 71
154 280 74
365 428 93
248 441 92
184 434 17
106 234 95
100 179 34
82 448 32
250 285 33
98 246 4
388 495 51
42 440 47
240 289 58
58 266 48
111 408 14
392 477 51
1 264 97
26 179 56
420 475 61
213 402 32
80 215 43
24 480 45
96 450 22
45 143 76
74 277 59
89 464 8
264 265 16
44 125 1
9 121 2
30 50 96
86 340 6
394 398 58
45 396 31
140 390 97
382 435 86
177 315 17
89 486 3
370 420 30
304 341 8
82 129 88
104 263 96
145 389 38
250 385 55
287 489 27
168 191 36
30 127 2
66 343 43
130 240 36
124 375 48
109 273 64
373 411 31
418 445 31
41 317 82
127 496 93
71 357 8
77 304 26
218 323 47
92 269 79
342 458 99
34 311 48
454 491 40
205 301 71
234 366 59
355 418 73
310 479 45
212 236 23
7 206 54
162 272 20
358 429 98
306 472 9
384 413 95
59 120 2
217 467 22
236 347 29
191 464 76
221 362 59
220 288 85
356 394 74
312 406 9
198 490 51
108 313 90
161 173 62
76 180 2
209 311 0
31 333 62
269 353 82
310 434 26
398 493 51
85 258 44
326 455 67
124 376 43
112 210 85
158 373 14
46 96 31
398 484 82
103 135 10
260 458 33
93 308 83
134 332 43
226 340 78
47 473 90
107 420 20
9 43 52
74 120 13
329 385 69
275 495 95
118 282 84
18 291 56
337 433 45
117 377 91
83 331 15
158 222 71
342 365 66
70 482 51
35 260 42
260 345 37
25 336 45
329 351 31
27 69 5
408 412 13
65 162 85
27 365 12
114 116 18
141 348 98
161 267 74
281 334 54
331 371 74
187 256 59
96 247 72
7 101 26
155 315 5
73 447 39
31 387 6
238 267 93
220 244 27
229 326 23
204 224 75
342 454 50
104 450 68
86 139 92
227 338 43
387 413 19
452 500 34
38 112 81
101 242 41
19 403 63
111 470 85
5 7 86
85 364 73
298 398 0
97 338 0
193 241 27
259 329 62
66 191 88
158 290 9
223 248 95
174 384 11
39 321 98
37 311 54
157 416 54
357 381 39
88 391 4
7 51 46
165 251 49
159 421 70
1 68 31
342 403 90
127 229 64
112 368 97
17 189 51
279 440 9
41 484 43
179 285 27
44 249 72
122 276 48
128 409 80
4 500 21
57 434 68
347 437 72
373 474 93
215 264 30
158 361 47
358 383 51
135 374 13
178 372 40
16 490 25
202 337 5
29 443 61
36 109 50
14 246 84
56 242 29
163 210 82
159 400 22
300 351 1
391 496 15
415 486 58
24 131 36
313 347 78
284 477 47
273 462 12
221 379 24
89 144 3
82 188 61
40 411 75
124 498 90
66 415 13
226 405 86
180 387 23
201 336 17
32 251 64
5 218 17
378 399 26
1 282 6
1 326 6
380 393 25
128 235 31
331 444 20
262 438 98
169 330 24
167 212 91
231 421 52
143 197 38
305 496 2
169 423 45
82 126 87
5 486 73
297 356 20
14 465 83
132 425 64
255 288 64
31 304 65
202 326 10
19 49 7
188 197 65
52 406 0
204 323 75
267 452 45
253 322 77
321 461 100
331 430 8
8 430 77
70 284 36
35 61 38
154 254 72
343 474 31
136 313 89
354 428 28
361 402 100
290 478 16
93 247 81
183 309 72
23 452 51
30 293 89
63 250 70
18 213 25
88 495 24
334 450 86
330 386 11
326 491 36
302 341 81
120 168 36
28 245 18
177 496 41
112 496 36
195 363 13
41 492 70
251 499 10
152 228 23
175 461 18
158 235 18
414 445 41
51 305 51
46 134 91
324 327 64
392 418 13
177 218 38
164 339 45
357 385 95
90 436 42
135 257 22
180 388 70
149 376 9
139 461 17
55 460 59
53 83 39
18 78 46
182 340 81
115 284 51
71 258 21
426 437 32
256 456 45
140 402 63
5 31 81
83 208 28
370 376 81
62 159 74
14 240 3
128 414 68
131 280 86
117 436 5
200 433 12
183 435 17
53 436 50
57 121 46
182 258 95
142 168 57
128 271 35
98 426 64
132 236 87
357 480 46
77 499 33
227 254 73
204 480 2
20 176 78
85 282 81
278 437 74
166 257 99
50 358 64
116 196 15
420 480 98
163 476 2
215 321 84
226 412 10
245 452 83
16 231 11
16 378 52
26 342 98
453 465 67
104 466 93
187 273 4
79 284 39
49 365 94
241 336 81
115 118 97
308 475 33
14 436 53
112 254 90
28 215 37
27 168 48
109 193 17
82 379 52
307 313 20
32 217 10
106 444 89
392 427 4
269 274 16
221 423 83
333 384 46
73 317 46
301 350 40
332 394 23
7 452 11
104 242 34
60 168 62
7 58 39
270 277 60
304 326 89
344 402 40
344 413 78
2 50 39
167 289 56
39 206 51
25 150 50
5 54 60
189 362 38
204 417 59
349 460 62
126 459 75
116 194 75
15 158 32
90 358 92
62 276 26
40 51 35
81 92 43
55 444 88
157 274 21
194 269 29
64 65 39
315 438 68
17 415 92
68 360 64
1 20 2
186 401 98
336 448 51
78 248 18
137 345 10
35 257 63
107 329 16
368 375 33
376 468 66
197 412 45
174 394 52
19 20 28
176 216 33
172 304 16
269 286 12
81 482 80
66 384 93
85 299 25
104 399 85
148 475 92
337 404 41
150 484 12
103 106 92
166 492 29
382 458 74
207 446 3
111 387 9
183 242 91
28 283 52
312 352 86
79 426 53
1 287 29
19 75 40
303 322 45
233 266 13
42 393 84
113 174 81
31 208 51
144 450 41
92 425 66
121 456 4
238 419 92
56 368 8
212 288 75
109 251 71
142 174 2
32 298 94
417 499 66
50 275 76
52 159 46
63 251 91
57 113 23
66 152 49
182 330 43
23 288 94
179 290 94
260 300 29
317 405 93
21 312 81
11 472 67
1 4 29
397 440 21
7 168 62
139 311 73
408 471 12
282 373 54
286 320 89
83 183 87
47 324 82
235 352 64
196 353 84
22 103 25
297 384 74
64 418 56
338 454 10
38 449 92
24 54 94
442 477 3
259 354 2
144 305 56
332 474 30
186 247 77
300 465 84
32 486 4
136 386 57
156 243 44
50 335 45
41 101 94
238 287 17
296 365 54
189 465 78
316 352 88
185 368 91
286 459 12
229 388 16
52 448 56
41 414 61
38 197 46
281 463 98
195 242 55
89 138 61
234 308 8
90 409 18
182 423 80
37 45 29
153 274 76
172 494 63
100 120 58
227 410 35
261 422 40
456 459 100
110 192 43
383 404 64
93 228 61
258 277 15
162 308 32
324 490 29
32 290 51
209 306 1
81 495 50
329 392 83
129 271 61
275 485 39
54 382 43
2 162 50
70 98 63
289 358 81
430 437 79
126 496 80
142 202 75
361 386 97
185 298 74
400 479 97
63 338 79
232 380 66
271 426 87
48 157 25
59 114 65
117 247 55
293 300 44
26 276 19
36 223 15
14 200 99
99 277 51
100 351 90
384 496 89
169 443 46
229 498 84
78 352 74
183 367 45
18 469 16
53 373 70
122 363 51
9 260 74
43 137 50
196 389 86
177 305 73
426 439 8
12 180 12
11 15 8
152 319 41
117 391 77
92 424 94
313 391 65
116 323 72
124 368 25
15 116 18
455 485 29
251 428 39
56 282 17
132 175 23
251 372 74
132 182 47
253 398 79
204 485 80
58 283 52
398 403 41
85 348 49
369 480 57
17 367 81
7 151 37
158 265 8
6 177 83
16 25 36
176 209 32
101 314 45
70 300 73
343 433 44
298 434 26
84 149 97
272 337 43
47 436 34
59 77 81
229 376 34
284 403 7
232 348 59
224 414 68
307 324 90
387 402 91
385 491 23
141 215 52
334 469 100
276 499 41
268 431 1
98 471 5
242 395 59
239 339 38
278 404 62
31 158 100
107 490 30
37 75 91
117 416 59
106 216 25
295 477 24
102 457 60
127 389 63
151 316 77
78 427 33
134 410 31
178 471 73
60 205 89
34 96 38
47 322 29
125 156 51
78 312 3
15 172 20
100 200 32
185 450 76
242 381 89
100 296 55
162 315 4
12 295 11
221 386 70
80 274 70
343 392 15
58 298 71
152 311 31
109 401 65
94 429 31
41 310 65
263 460 26
74 424 17
8 334 88
49 222 62
9 113 76
51 275 90
26 259 96
337 465 26
286 488 25
181 201 34
16 138 51
156 471 70
199 460 19
244 316 14
292 322 96
276 375 93
15 366 95
138 453 4
160 290 77
10 179 53
208 397 92
271 356 4
198 437 92
298 360 36
202 445 96
276 294 58
132 248 6
24 448 100
62 207 98
7 441 22
432 443 72
1 25 5
260 384 46
38 461 2
10 371 51
159 361 96
141 329 50
131 196 31
119 252 97
366 451 66
379 398 9
341 372 13
41 437 37
390 454 55
287 436 63
298 441 36
75 453 4
74 221 30
112 436 74
38 437 34
75 248 12
181 335 93
67 234 43
121 469 41
161 195 92
446 474 47
184 477 34
367 425 75
7 18 56
95 312 100
272 309 57
419 462 24
142 316 72
66 374 45
101 146 16
60 311 86
85 415 74
263 278 8
400 425 57
45 284 80
75 102 3
41 180 93
278 355 14
171 479 9
34 295 68
59 73 50
84 347 33
68 189 93
38 315 6
28 157 7
222 330 73
329 395 88
215 298 48
308 394 87
431 481 27
9 289 72
174 290 64
327 482 44
187 417 66
28 465 14
316 464 69
53 207 60
151 353 91
156 494 53
48 379 95
153 405 62
199 457 9
37 300 31
221 326 44
211 375 68
212 457 29
75 332 41
377 482 19
206 365 12
101 170 12
31 119 48
83 411 94
247 423 68
76 396 25
130 483 22
12 441 33
8 311 21
5 463 14
219 457 69
37 456 70
180 209 3
69 135 65
7 77 100
143 363 28
466 493 89
5 287 39
187 237 12
33 448 88
36 88 27
228 360 31
238 327 6
127 235 10
363 417 17
217 363 42
158 167 6
352 419 95
183 489 75
117 418 9
355 368 5
377 460 62
128 257 14
154 326 36
78 304 58
184 286 80
105 136 20
313 401 8
412 470 73
71 262 54
99 445 48
290 384 50
210 474 78
88 389 21
67 93 15
16 387 2
269 460 74
30 54 47
102 348 7
326 464 73
254 437 65
72 278 53
95 343 52
111 207 13
4 391 42
113 149 77
200 423 100
296 471 52
43 347 60
115 218 52
398 437 74
122 126 30
20 73 90
184 298 47
297 363 35
282 332 40
416 435 92
138 190 13
142 415 66
461 462 73
275 341 100
135 345 47
346 446 41
76 167 37
57 304 99
10 188 44
135 215 42
167 353 49
224 449 100
210 415 27
381 421 2
132 493 2
137 190 88
345 482 94
14 136 90
29 431 50
144 268 90
172 460 79
251 419 97
120 200 34
168 464 93
104 284 32
309 472 19
161 331 9
41 175 35
144 354 4
74 381 83
142 272 62
162 446 50
62 190 77
106 497 42
31 133 57
322 358 97
24 352 35
260 489 48
49 258 17
138 496 64
49 471 89
89 315 61
149 278 58
173 469 63
42 82 40
18 192 69
240 330 89
309 445 43
59 348 78
68 416 10
144 371 37
156 249 32
327 409 84
239 250 6
103 133 75
461 466 27
221 251 42
252 437 37
181 478 1
158 468 30
83 98 77
154 159 57
263 493 100
45 271 24
110 281 84
12 209 92
193 318 29
306 393 61
109 309 21
139 202 52
341 492 92
3 258 71
344 441 45
126 403 38
92 98 79
111 145 11
361 497 63
147 388 63
90 149 27
226 467 61
375 428 55
345 384 93
131 293 28
367 411 58
32 38 95
90 250 90
122 487 93
172 434 93
145 263 59
71 198 15
53 305 20
1 315 73
223 429 46
13 164 42
286 343 89
95 180 1
221 352 73
72 164 27
117 189 19
138 192 63
51 425 29
44 471 25
49 346 23
207 339 53
488 494 15
34 99 60
71 480 57
93 111 2
238 448 87
98 300 33
122 409 84
306 382 15
84 439 41
23 417 64
51 88 97
161 280 29
229 476 54
67 255 88
22 345 56
48 474 82
12 316 29
105 242 2
276 456 52
36 41 66
243 262 49
16 253 63
65 262 7
115 139 4
147 268 55
104 177 68
475 483 93
102 440 96
235 244 100
174 425 77
69 484 6
112 290 53
337 482 23
104 147 68
364 470 77
79 323 73
63 447 14
64 407 39
301 329 9
225 314 5
435 468 2
5 402 2
185 474 14
377 483 79
29 470 27
31 97 88
32 207 61
274 483 53
5 224 34
11 469 18
234 304 42
331 394 14
308 465 1
356 454 75
297 388 100
245 317 29
403 473 26
176 476 40
14 261 27
285 423 49
163 366 69
277 480 97
132 171 53
13 29 93
163 336 50
188 298 88
30 269 67
210 408 18
67 393 34
196 304 62
167 201 89
187 440 20
10 321 11
220 294 3
65 499 46
113 464 43
129 391 40
197 214 49
59 409 71
278 337 24
90 127 30
24 158 82
36 249 100
377 437 62
197 455 45
304 481 29
230 415 69
35 432 38
121 500 100
35 331 98
221 238 58
18 261 66
351 448 45
64 434 23
328 377 67
61 459 35
254 349 85
380 473 7
94 127 43
4 355 48
374 425 80
55 413 61
96 405 49
118 369 84
400 471 20
264 401 36
62 402 98
41 471 79
46 89 68
393 412 81
91 415 94
63 180 50
299 340 14
65 284 3
302 419 60
277 345 27
31 50 77
45 391 64
38 277 16
253 449 57
1 291 85
53 332 86
321 490 50
66 102 96
178 424 37
182 422 43
54 191 66
198 491 34
139 327 85
71 387 18
40 100 42
76 359 47
18 152 65
40 251 85
65 420 20
173 440 56
10 396 78
290 409 42
2 10 49
127 437 55
21 147 30
30 57 60
220 414 99
212 385 7
307 425 73
387 441 97
88 356 12
352 397 76
73 416 70
274 404 64
295 369 43
169 293 5
109 114 53
84 431 58
50 174 15
3 299 4
357 370 20
125 176 36
46 263 13
109 197 94
239 483 50
2 92 38
45 293 32
336 341 2
15 262 1
53 73 72
110 295 38
351 451 5
131 169 84
49 456 19
35 149 43
95 160 7
36 138 12
367 474 7
225 483 78
248 278 18
236 237 47
324 474 20
168 380 24
290 305 69
49 218 42
19 254 95
52 196 87
171 391 33
271 317 34
413 464 71
43 91 27
153 466 84
291 417 87
323 333 31
192 351 62
126 207 20
18 149 75
393 452 92
211 496 58
95 366 73
150 441 67
148 456 67
99 395 41
321 428 64
57 105 20
95 326 20
297 306 16
33 77 72
210 455 57
209 470 76
286 410 90
206 455 1
39 223 44
11 458 64
10 115 38
102 408 36
14 472 65
84 89 49
284 289 82
15 197 92
99 270 6
353 474 33
5 124 97
198 296 33
144 264 85
334 462 74
36 185 28
176 194 60
106 115 12
12 384 66
67 380 95
71 211 72
90 368 70
135 390 41
98 127 42
58 396 73
72 261 94
393 403 56
42 200 62
193 288 35
318 385 85
54 198 1
22 380 100
7 22 53
191 379 20
31 370 36
246 472 0
383 397 9
273 276 85
292 401 44
256 378 56
157 421 31
75 127 26
109 498 20
143 358 93
10 163 96
17 431 57
154 466 75
47 131 22
125 128 92
156 159 22
50 280 75
60 253 51
58 342 30
304 445 38
250 382 46
128 448 44
119 329 93
6 154 63
140 346 47
141 224 77
90 254 35
175 273 99
111 310 80
132 499 95
76 118 99
101 401 58
191 292 67
104 293 73
50 140 36
321 474 37
210 230 99
49 58 97
83 229 24
228 246 94
346 394 89
78 121 96
131 404 100
34 187 33
116 433 14
85 233 85
352 494 58
86 308 80
285 329 35
240 490 27
39 431 30
107 331 51
160 300 49
41 178 48
18 323 37
192 278 84
47 472 30
65 305 61
430 443 0
67 415 19
173 496 100
33 475 18
203 403 23
129 370 69
22 294 0
210 489 100
3 51 8
267 422 89
22 33 33
7 55 94
208 209 45
173 385 89
210 448 92
419 428 71
40 362 70
145 451 80
104 342 35
74 253 57
75 242 27
91 221 100
419 426 15
75 121 58
210 234 31
12 324 86
149 497 69
327 367 98
140 498 80
3 71 88
132 339 51
276 412 28
302 455 30
132 442 73
59 227 60
113 408 1
61 356 89
474 487 60
319 434 52
281 353 6
94 468 47
341 454 79
268 478 62
38 334 16
166 209 71
111 293 21
51 447 52
72 252 50
61 253 98
58 255 32
372 461 14
96 277 22
111 440 12
133 393 92
137 303 85
194 345 41
40 350 71
124 402 54
229 429 54
197 385 57
41 126 7
70 91 78
134 498 58
202 425 45
203 296 59
44 100 63
103 289 0
184 218 64
259 483 38
289 450 7
242 248 41
129 164 19
29 110 24
195 414 13
382 413 64
96 202 77
366 467 7
69 136 80
51 347 6
188 246 40
323 423 0
166 335 99
8 288 26
105 206 67
73 121 82
65 309 24
170 243 87
55 184 22
179 216 0
268 498 59
266 481 99
220 240 97
86 250 87
147 230 48
104 483 43
435 475 89
128 267 81
157 256 37
155 460 68
95 124 6
347 471 36
41 190 30
291 438 77
3 478 83
244 494 54
6 23 34
167 179 47
21 338 63
101 193 81
83 218 5
263 294 12
236 294 0
92 296 34
121 311 86
446 494 76
93 286 61
415 432 63
55 81 82
36 463 0
111 296 74
135 364 6
62 220 55
16 409 1
121 407 63
166 253 54
187 356 5
197 429 21
176 350 34
23 49 48
231 314 62
269 416 88
334 474 59
128 367 7
102 363 96
180 369 89
6 30 75
71 479 24
33 278 91
187 226 39
247 354 0
65 245 93
136 207 21
335 484 48
228 293 93
47 82 56
130 284 93
20 307 87
210 472 25
106 143 4
426 442 81
132 137 39
296 315 47
180 241 59
298 353 31
238 404 72
290 301 55
45 253 86
46 135 63
222 343 10
230 470 61
166 291 73
323 370 23
476 490 71
130 489 15
108 204 13
9 116 75
203 228 71
82 296 83
289 417 5
20 395 2
158 379 7
218 338 10
353 491 74
80 233 9
101 260 59
80 460 46
65 317 91
143 167 50
55 496 67
45 154 86
296 446 23
61 221 9
96 127 93
70 380 72
160 327 39
183 221 6
152 416 65
61 263 77
80 285 13
186 389 72
271 497 94
320 402 85
247 398 19
71 361 26
84 285 12
331 432 87
80 485 0
236 427 30
129 298 6
35 454 5
30 108 42
6 350 96
153 208 36
40 276 11
155 463 73
175 187 18
137 496 7
80 85 44
231 440 86
349 376 2
35 458 16
254 372 6
42 317 80
36 496 43
38 349 96
52 344 18
237 272 42
78 296 23
334 365 39
39 422 14
31 122 79
249 391 26
107 297 86
181 242 44
182 450 19
158 382 52
226 374 50
213 410 98
111 277 8
66 329 51
357 386 36
76 302 69
249 498 13
153 180 89
79 153 37
9 46 73
303 401 83
174 345 56
267 365 52
363 395 13
138 183 34
281 379 40
143 385 11
212 334 67
136 462 9
287 373 38
224 417 70
19 228 41
31 286 20
115 473 97
341 375 33
177 340 60
183 371 70
138 178 33
7 41 27
35 184 34
15 191 7
148 486 32
70 178 12
145 361 9
151 400 11
445 453 46
100 147 57
184 323 58
127 390 41
311 406 27
275 340 84
188 389 47
43 444 65
353 450 48
228 389 16
15 94 2
28 428 72
121 395 78
155 488 90
47 190 99
10 354 76
204 419 13
54 399 74
142 170 93
59 361 13
15 186 44
132 319 18
53 269 16
126 499 25
57 216 72
337 476 42
94 337 16
153 451 98
79 445 32
99 142 85
63 395 10
279 406 75
77 79 64
245 349 59
2 271 92
86 159 32
170 270 75
120 343 27
197 253 16
205 398 89
186 453 80
56 205 83
118 142 93
142 430 22
264 306 8
70 258 63
146 220 63
29 99 84
183 228 26
86 342 16
199 310 37
106 460 92
303 488 2
319 495 2
321 439 60
65 207 32
172 319 15
167 366 67
320 452 14
127 286 51
214 428 32
373 377 48
381 473 12
212 326 14
361 417 45
19 318 95
106 375 27
124 400 21
287 335 7
178 395 26
173 433 66
88 111 60
35 459 83
158 389 77
184 431 25
69 428 39
20 392 9
81 184 75
196 202 60
175 229 32
58 262 93
438 448 73
275 422 11
76 369 65
31 407 97
193 472 87
153 354 22
329 423 70
91 406 19
152 214 74
216 333 56
206 495 13
160 436 15
185 395 57
227 475 38
5 380 86
220 492 29
171 404 23
135 226 73
288 387 51
140 446 20
245 291 91
123 406 28
256 334 30
111 303 96
21 412 32
114 280 86
142 309 47
28 190 63
28 361 81
404 408 8
196 285 78
64 451 84
217 351 75
17 306 67
313 497 14
116 471 95
20 477 59
214 290 15
245 371 50
102 383 42
79 414 95
44 478 29
220 485 10
238 424 87
212 378 41
291 410 21
292 496 14
173 360 38
206 303 72
43 107 16
4 11 75
181 275 71
28 417 12
180 339 33
416 434 35
114 175 22
17 414 38
79 204 32
132 304 75
381 491 64
454 465 13
111 384 79
347 353 57
170 433 8
126 279 7
38 397 50
18 116 85
107 150 78
11 215 47
495 498 13
79 160 59
253 458 80
33 181 6
246 279 19
29 349 59
23 290 3
290 401 76
88 363 64
3 252 62
251 318 52
24 293 37
320 439 58
388 482 41
31 431 23
67 449 48
95 146 37
153 390 96
66 74 56
397 499 10
224 281 71
24 69 99
41 243 69
417 481 73
40 489 2
190 368 78
113 443 99
124 127 51
54 273 46
159 398 48
213 395 23
273 487 77
282 440 80
153 483 8
121 368 66
137 214 17
174 374 90
343 425 25
308 418 26
223 348 77
303 328 87
45 95 21
7 222 95
16 435 42
22 383 63
353 475 8
40 408 62
181 412 1
341 447 49
146 332 53
172 195 28
134 349 2
50 232 27
78 220 7
198 412 26
333 466 100
6 52 34
1 177 96
124 468 79
5 195 97
33 341 99
31 360 46
89 487 88
349 440 58
162 416 46
305 438 32
175 449 54
349 474 41
37 161 24
281 460 79
65 81 77
11 377 76
108 421 71
293 316 59
34 196 44
107 315 74
353 390 39
381 419 14
114 322 44
89 216 3
208 429 35
243 440 41
144 406 4
215 500 23
150 406 13
55 228 31
215 217 83
41 169 38
38 132 75
161 176 21
235 291 79
5 403 72
356 440 10
220 260 14
372 454 25
42 366 13
118 270 93
57 313 50
160 259 75
231 263 19
184 260 28
116 130 61
77 299 66
60 408 53
32 43 88
141 326 63
181 480 37
9 332 86
267 287 42
153 283 81
198 483 27
41 59 24
418 438 48
142 164 5
131 228 46
181 475 60
44 308 9
72 311 61
162 404 80
52 385 27
89 336 54
218 270 81
314 433 75
174 444 100
255 459 71
176 331 87
1 112 19
63 483 40
122 499 49
227 247 21
209 346 86
228 332 80
79 132 96
25 144 48
96 353 15
276 449 85
223 256 38
325 374 17
192 276 32
79 322 42
295 434 76
176 340 89
85 294 74
114 206 77
315 388 69
43 264 65
115 338 10
144 320 9
107 436 78
107 268 1
159 208 56
410 439 21
31 350 99
137 414 31
116 500 15
407 481 16
238 315 70
292 354 39
272 376 34
317 437 42
141 203 28
255 263 18
170 493 65
43 138 68
94 211 47
175 448 40
93 169 4
46 285 5
191 439 5
192 307 62
128 486 75
56 401 75
13 303 75
82 346 72
275 428 43
179 405 57
16 473 34
46 270 3
302 367 9
341 417 86
113 267 72
55 343 15
269 347 51
246 309 95
388 451 98
156 270 13
153 368 50
440 462 7
359 452 31
242 426 5
94 184 97
65 202 16
325 472 72
116 378 64
237 246 91
84 166 83
251 454 66
73 188 8
184 474 44
219 355 11
86 334 15
92 260 84
86 241 61
61 162 71
68 277 28
270 478 90
58 468 6
233 417 76
192 483 30
235 405 66
136 339 33
96 245 90
81 195 36
144 311 73
104 320 18
196 373 2
181 296 97
91 188 62
245 430 43
18 256 19
205 423 11
381 497 50
385 409 96
173 322 63
61 411 15
14 177 7
63 458 39
3 331 19
64 406 29
201 355 17
483 494 54
184 433 60
418 428 47
55 202 41
30 490 89
58 175 1
62 324 51
72 189 35
155 465 28
157 239 88
19 183 5
267 381 87
118 409 67
316 349 6
33 123 78
418 459 79
151 464 55
156 274 38
282 305 55
114 413 23
185 227 92
7 176 37
60 484 49
185 330 58
46 355 96
246 284 28
107 292 11
125 261 96
141 353 49
103 105 31
438 470 71
100 489 3
460 461 79
157 254 46
18 191 2
174 500 45
154 282 22
169 461 26
372 387 85
342 471 53
34 184 7
156 460 15
90 393 97
103 366 64
54 312 1
174 289 64
261 385 88
151 424 82
199 454 30
100 410 12
72 128 59
93 500 85
78 256 57
272 499 3
155 403 51
209 481 84
65 400 16
54 500 91
181 471 51
202 413 73
315 451 61
262 490 81
13 131 39
24 313 90
309 452 96
5 249 28
29 191 94
239 320 85
57 265 8
399 419 90
132 161 31
411 445 91
159 169 62
7 92 49
96 246 79
115 276 96
20 211 60
307 423 60
138 363 30
59 326 29
164 259 43
120 479 19
148 478 99
62 385 12
442 493 14
36 242 58
292 481 78
88 349 23
30 118 83
32 211 73
45 281 39
332 496 98
65 203 89
238 246 69
353 484 19
288 354 63
169 429 76
203 436 85
35 122 1
459 485 31
161 390 32
130 342 61
26 357 29
112 334 47
208 360 3
237 276 2
437 487 80
22 173 10
162 445 47
250 461 79
213 313 28
209 334 69
179 446 3
158 333 54
375 457 24
230 375 64
112 425 32
168 428 62
144 436 25
387 410 78
245 406 25
112 142 5
144 447 79
406 420 26
370 426 84
18 230 28
432 467 80
32 330 59
108 353 20
42 326 15
23 104 15
143 304 52
86 440 88
64 287 47
286 415 98
244 471 37
84 297 54
289 433 12
258 373 23
7 27 13
97 356 43
265 335 40
149 158 99
59 297 81
24 116 63
16 120 77
130 420 30
63 407 65
171 402 57
324 498 81
5 143 39
2 73 10
484 486 98
177 286 89
280 375 11
365 368 21
45 61 9
248 346 52
44 409 78
251 455 46
116 305 36
51 270 8
119 216 69
28 191 50
91 168 78
279 343 38
313 429 91
71 231 30
79 266 18
44 437 90
16 361 52
5 366 53
140 186 63
283 426 83
113 293 82
181 492 95
380 404 54
85 304 79
382 498 51
22 215 21
62 258 74
194 334 93
163 370 72
386 497 30
240 499 40
106 285 24
370 375 26
152 400 2
110 265 37
13 176 36
269 308 87
147 266 54
88 317 91
239 374 73
203 372 50
203 362 89
346 426 5
118 425 69
140 331 81
303 384 54
196 330 60
132 459 55
88 184 75
130 184 46
86 466 93
70 481 3
91 358 29
84 354 61
439 489 84
95 309 62
208 469 92
103 364 82
377 423 10
411 422 25
247 483 0
61 184 44
336 455 82
150 310 96
61 63 33
352 483 96
327 493 78
1 346 80
46 213 21
89 483 92
32 61 45
159 488 84
313 432 80
126 385 16
164 241 36
26 396 49
3 344 5
156 266 57
322 413 63
300 309 6
47 122 52
176 327 60
252 332 77
319 373 51
210 387 8
125 229 93
61 103 77
57 312 53
8 497 42
340 397 33
140 155 74
134 464 44
217 231 37
207 452 83
270 422 90
296 420 36
382 492 3
165 348 6
76 311 100
387 404 47
58 416 85
124 190 63
281 478 81
278 447 23
122 217 48
57 239 15
49 317 59
223 455 92
312 493 4
251 410 89
41 289 87
133 488 9
3 271 38
319 419 16
324 367 45
45 280 38
172 287 5
139 485 45
5 309 95
59 486 59
16 377 7
169 407 92
107 239 30
324 467 75
81 192 8
26 141 86
103 396 32
287 301 8
41 383 15
388 405 40
174 464 40
270 460 7
147 479 50
20 466 55
99 489 82
274 406 94
82 203 65
75 106 69
238 324 34
45 216 80
75 494 27
214 239 41
52 55 45
307 388 72
61 153 9
135 229 13
382 447 68
143 414 27
301 401 12
42 98 70
93 104 88
13 486 4
129 406 45
92 343 58
121 272 54
137 301 2
17 325 78
52 155 5
329 391 65
175 255 9
41 281 30
176 347 35
341 500 28
105 182 43
105 385 19
49 344 18
236 265 98
372 466 9
335 500 31
172 362 64
20 403 8
248 276 38
7 294 67
216 365 15
29 196 54
277 322 1
16 391 76
66 444 12
242 488 24
333 360 96
65 196 80
339 498 97
151 223 27
147 389 99
105 370 17
110 367 32
69 324 51
389 395 65
226 352 88
188 324 16
30 174 42
31 473 0
301 417 76
213 323 81
234 338 28
282 413 19
80 299 16
450 456 11
244 477 40
34 486 58
46 177 13
64 277 41
155 301 72
276 409 36
183 257 92
255 393 32
106 477 14
55 178 70
10 353 76
42 51 73
17 407 39
209 271 69
147 496 41
182 211 97
104 336 93
214 340 59
106 176 36
18 146 67
39 134 14
188 371 70
2 118 24
316 481 93
34 481 46
60 375 65
199 455 79
188 415 100
285 363 25
39 424 81
25 27 74
103 183 9
172 198 86
217 401 98
205 376 55
174 411 26
148 397 73
60 181 77
65 441 51
78 330 18
21 107 1
245 479 46
149 269 32
125 441 26
135 297 43
265 343 88
223 234 4
272 475 11
106 333 46
355 485 34
274 395 87
229 460 10
139 148 2
115 365 53
49 77 45
43 386 27
77 270 10
168 405 26
141 163 98
350 460 32
101 436 32
56 60 35
23 276 72
225 227 1
90 142 38
293 345 43
177 497 40
240 339 51
300 357 90
147 327 44
122 156 24
148 433 89
66 275 70
50 235 43
119 436 23
162 451 60
335 339 16
328 335 14
237 269 91
22 133 32
32 284 31
305 444 29
397 420 37
27 317 49
188 338 21
155 446 74
322 417 83
170 339 84
1 69 55
294 372 25
277 331 98
87 137 25
220 267 6
55 159 63
464 483 67
12 452 95
109 394 72
80 316 40
56 223 51
128 245 49
44 60 55
110 426 18
45 145 69
157 245 79
40 347 58
63 346 44
99 230 79
238 298 7
229 406 93
229 488 54
59 163 44
99 147 36
127 240 42
21 189 51
155 388 8
63 223 15
300 443 93
47 411 39
35 99 9
145 472 85
180 252 21
121 346 0
251 266 75
12 426 83
28 140 19
56 287 20
34 141 56
8 163 83
219 454 72
33 49 57
120 499 10
97 122 30
178 308 33
275 452 66
4 378 97
12 238 78
76 470 63
27 340 7
66 103 67
33 444 16
103 328 98
168 355 74
179 322 97
46 318 4
61 211 44
45 245 2
388 500 2
122 355 19
140 363 27
375 500 27
120 167 91
154 272 24
302 381 94
76 155 81
110 202 7
411 479 39
136 358 21
176 469 56
342 447 21
64 89 7
195 437 19
129 146 86
158 279 99
208 278 19
241 326 81
338 351 85
134 227 89
67 154 24
195 341 25
4 79 82
153 356 12
145 286 10
10 142 20
47 326 49
7 67 5
72 363 75
14 99 37
21 75 15
2 285 19
48 228 62
20 196 44
307 382 91
246 438 15
152 282 78
26 230 42
464 469 95
46 264 84
206 390 94
12 279 76
1 42 74
119 337 60
277 421 68
334 357 37
2 315 100
253 365 61
101 348 19
70 450 75
117 337 1
49 469 94
110 410 65
157 456 57
96 265 79
120 363 67
100 245 80
334 409 32
334 473 38
212 301 76
120 450 50
96 111 31
177 293 84
286 333 62
207 450 9
64 334 59
426 475 73
108 272 59
62 326 80
93 193 92
387 433 45
31 452 63
85 203 35
138 187 68
108 349 2
216 233 9
203 492 17
188 469 39
64 224 72
152 362 3
122 461 97
175 474 12
454 498 3
116 440 41
74 237 65
50 417 0
320 398 81
69 107 13
208 470 49
112 460 8
265 415 18
246 351 19
177 439 65
166 370 62
180 299 4
201 258 33
181 434 81
205 450 86
191 263 23
123 436 50
66 283 66
113 127 58
125 340 85
203 339 43
394 484 32
302 489 34
38 131 86
24 198 52
171 309 66
85 398 58
373 462 44
176 265 37
23 312 45
455 481 49
21 354 55
154 203 48
63 110 8
287 308 58
367 433 48
91 360 10
343 355 82
105 139 13
252 378 43
67 194 93
29 105 21
130 463 96
131 346 90
25 67 80
170 443 53
354 449 94
446 447 21
260 385 8
401 449 95
124 462 0
322 422 91
243 461 53
210 294 6
68 148 23
163 169 76
174 400 34
241 402 64
186 257 68
137 146 50
181 365 91
318 342 41
156 451 20
289 295 16
12 437 17
266 336 63
289 314 31
113 439 10
235 422 15
323 490 97
265 388 47
237 248 72
62 387 63
9 236 97
136 258 60
34 237 3
29 117 6
87 392 24
145 355 36
74 466 92
80 224 48
424 425 87
407 461 14
192 342 81
248 376 90
6 469 38
372 395 82
166 252 29
182 314 79
221 298 61
178 388 93
279 438 43
56 388 63
84 392 58
111 200 70
167 424 76
405 431 89
258 355 91
15 112 13
318 494 11
16 190 32
157 341 38
115 341 74
145 196 61
246 327 46
389 487 85
158 210 92
122 260 18
262 346 25
6 288 42
216 399 44
121 335 46
1 454 15
8 117 4
432 485 91
410 495 25
130 260 51
99 439 49
429 489 63
50 445 96
379 454 90
305 407 39
142 456 12
39 349 69
260 352 86
34 262 37
264 484 64
10 339 43
110 257 24
39 350 57
372 456 54
6 45 79
171 319 49
20 141 49
19 187 89
190 337 39
37 82 19
13 23 74
368 384 36
282 383 97
276 343 30
309 370 75
213 344 73
239 347 26
55 261 57
147 349 40
157 206 5
38 81 11
5 191 59
270 427 84
73 246 48
496 498 69
291 475 33
5 40 75
188 496 10
102 496 13
417 464 11
154 242 32
183 483 19
346 371 2
65 254 22
336 340 67
66 245 82
66 497 25
239 441 99
23 56 1
49 273 40
452 484 65
85 293 8
79 112 84
229 274 64
264 489 83
77 383 28
48 101 60
159 192 94
286 492 58
369 498 10
66 428 28
20 199 52
22 58 67
336 464 24
29 486 39
7 465 60
148 337 43
198 228 85
36 265 63
94 187 30
294 358 81
290 349 27
146 340 41
89 209 80
319 321 71
150 260 60
351 431 76
86 476 22
283 447 36
149 285 38
461 472 72
274 344 5
240 420 57
29 39 47
216 362 73
161 247 24
231 465 88
86 228 31
6 32 41
84 115 41
10 348 19
207 379 27
242 281 99
244 293 77
120 364 36
187 412 67
358 470 39
116 254 80
196 204 33
102 264 56
80 180 51
244 439 35
329 370 48
87 226 18
156 307 43
214 266 15
248 451 36
17 336 6
35 365 41
68 256 5
205 284 58
122 348 90
66 475 53
219 391 53
146 459 55
115 462 100
66 118 48
209 397 49
173 484 78
10 231 48
95 267 8
119 391 99
279 330 87
200 437 99
134 299 16
108 325 70
222 297 47
142 161 84
165 341 57
273 498 97
102 425 43
97 198 44
15 155 79
119 482 78
43 58 62
102 309 90
316 458 84
220 461 4
338 492 13
99 112 74
229 355 94
59 474 6
115 145 95
50 258 50
1 200 33
358 477 58
253 316 28
277 398 28
160 346 37
14 270 98
30 486 19
249 321 48
69 166 36
81 118 22
77 400 46
164 275 7
178 384 35
58 214 58
124 186 89
165 273 46
359 410 36
287 477 19
151 230 8
90 391 73
196 258 100
252 260 32
178 485 8
98 228 56
116 151 44
225 373 35
67 345 69
63 65 57
21 99 20
184 470 88
140 232 90
241 351 79
164 381 25
218 246 48
265 348 42
298 426 72
266 383 30
333 414 56
37 303 2
85 444 79
222 232 20
155 225 40
164 464 8
21 70 78
139 310 4
8 155 86
255 349 17
276 472 17
136 335 84
91 134 46
11 491 13
102 185 98
58 177 71
137 152 81
122 454 69
112 234 28
176 437 29
253 393 75
323 444 22
341 446 56
89 379 16
316 418 15
10 100 35
46 202 96
56 134 53
53 421 1
120 382 46
154 235 9
157 345 48
124 195 52
21 140 58
175 390 31
44 359 3
125 297 73
260 288 35
46 450 44
459 496 20
211 312 64
137 212 38
44 405 64
55 232 27
243 284 74
6 34 84
150 434 10
207 486 93
141 499 24
45 421 0
110 420 35
211 492 1
81 147 76
67 439 60
136 448 45
233 418 91
308 445 8
74 288 75
88 418 92
444 473 91
110 135 64
203 458 26
59 394 44
136 345 95
167 184 61
328 384 75
135 216 91
11 365 35
21 417 39
153 224 24
163 208 40
49 191 47
176 192 32
2 388 65
172 475 77
60 78 26
341 397 13
127 314 51
160 496 100
99 467 49
78 364 89
206 338 89
176 183 32
90 120 73
23 339 0
261 447 64
175 215 15
130 232 10
400 418 82
62 482 39
10 76 88
230 414 41
90 190 99
378 473 10
109 129 65
55 386 28
9 348 93
43 232 31
109 306 2
5 385 4
393 476 49
1 86 11
292 310 4
108 411 79
71 120 44
203 456 61
142 196 83
48 388 92
43 374 80
81 267 2
284 479 65
344 448 72
21 66 47
13 34 17
303 383 3
178 242 46
178 443 92
318 387 23
34 407 1
168 500 81
258 469 94
12 308 17
52 421 57
148 318 59
390 398 56
160 227 38
23 373 26
21 201 43
370 499 25
49 155 19
131 164 98
94 110 81
29 218 30
173 375 82
3 325 67
94 229 14
203 216 5
357 434 80
255 453 71
124 132 1
99 311 37
206 252 95
103 109 3
264 287 58
47 299 63
254 440 35
31 64 36
236 467 37
436 481 51
68 427 87
48 128 44
217 241 50
179 317 10
106 279 20
201 223 11
3 421 77
199 242 4
141 430 80
143 390 47
296 428 17
340 443 52
3 19 98
34 137 20
3 386 100
54 203 38
44 287 47
31 193 90
69 110 43
209 445 94
435 486 53
18 279 3
348 483 47
194 498 31
399 447 51
65 73 24
5 68 26
36 102 68
150 311 4
160 458 2
293 425 24
52 116 2
20 435 22
15 304 14
57 268 90
63 188 81
32 125 26
102 329 38
167 331 64
7 154 32
326 435 59
3 98 78
180 338 56
288 353 88
238 402 32
165 415 12
22 32 53
206 353 6
258 291 89
373 492 79
2 374 60
9 234 46
118 283 19
78 397 5
92 256 99
428 496 27
80 173 92
184 229 15
160 385 10
411 489 73
116 419 90
150 289 2
21 337 42
208 369 38
12 292 68
22 346 24
187 281 30
318 420 55
282 412 62
254 329 68
92 431 14
119 271 96
262 460 30
9 352 49
155 203 68
203 240 43
391 456 15
78 374 74
223 231 65
53 175 9
4 204 67
368 390 96
6 162 90
34 40 56
404 465 76
96 448 31
405 475 60
166 390 83
228 361 31
119 313 93
33 247 100
406 419 42
137 174 79
353 372 41
230 468 11
64 384 0
4 208 93
16 256 12
29 307 12
15 92 21
246 432 85
244 400 60
113 463 57
138 459 13
41 412 62
209 450 57
60 354 30
70 130 68
371 439 39
31 213 76
203 330 98
284 291 67
424 428 72
10 47 23
128 132 69
279 308 40
60 392 1
92 320 82
113 283 31
13 234 33
68 226 41
292 370 20
152 490 53
424 477 90
32 76 72
285 318 24
215 261 10
44 484 7
165 428 7
156 247 65
338 427 89
148 333 35
388 497 39
125 206 0
133 475 86
14 223 58
252 261 21
130 392 3
124 254 40
295 451 92
314 396 87
43 237 84
301 321 9
176 267 93
187 413 51
48 237 50
88 353 16
171 399 68
105 387 45
74 174 2
116 204 39
298 465 100
146 431 71
166 349 32
114 182 3
227 432 5
369 459 40
154 306 2
432 478 38
371 500 40
76 115 2
390 499 78
79 178 93
309 484 97
267 335 72
286 499 79
412 448 86
15 58 64
248 471 54
60 400 84
450 463 29
268 332 3
149 161 80
269 499 44
54 489 80
113 483 36
43 267 71
221 429 81
56 195 54
395 485 43
322 432 35
127 307 38
77 115 29
8 298 48
20 437 81
379 445 47
409 457 95
101 446 37
39 417 63
57 174 12
257 303 26
45 130 48
184 255 19
227 492 61
301 436 52
195 250 68
222 478 65
254 377 35
212 261 27
172 435 59
237 334 35
198 400 54
206 485 76
4 142 32
60 204 100
199 461 9
38 406 60
200 449 15
45 157 23
49 126 40
2 334 4
4 5 62
145 284 68
351 475 15
251 260 87
362 364 71
75 481 90
200 287 22
216 251 6
258 433 94
110 120 29
12 22 13
299 451 86
70 220 62
22 278 71
31 109 32
238 407 64
316 487 39
145 272 65
139 238 41
31 159 47
3 52 56
280 432 55
337 376 48
152 496 24
257 365 54
300 327 63
49 352 80
30 383 95
181 407 59
110 249 73
6 361 27
166 352 8
124 173 96
354 375 91
107 270 51
137 235 26
231 454 40
59 127 17
308 388 90
141 184 12
76 321 45
81 380 72
151 433 78
8 467 75
127 256 47
197 312 0
275 349 15
73 197 14
74 275 89
207 319 59
60 458 22
4 338 67
265 333 8
73 428 10
11 155 51
30 123 7
99 349 54
40 243 2
145 319 20
161 315 15
90 353 8
112 246 16
108 408 68
130 310 66
227 264 15
81 407 36
314 474 86
16 162 82
60 270 40
187 445 30
232 358 4
191 194 70
242 469 9
456 482 47
138 494 100
311 328 66
167 476 58
196 311 95
75 319 94
314 465 24
413 441 55
350 461 20
144 163 66
45 170 60
353 435 84
215 272 38
362 374 57
143 202 49
168 413 45
252 451 67
243 268 56
316 356 44
215 367 31
144 248 86
330 456 35
19 447 90
280 398 71
243 321 72
42 307 63
235 475 76
362 363 27
405 433 83
241 453 63
57 93 99
60 122 41
142 408 54
61 345 50
122 176 17
42 58 32
413 431 74
135 195 12
32 108 47
158 249 62
120 219 86
77 473 73
80 354 87
257 438 44
22 253 60
283 355 28
82 401 50
15 404 80
231 244 71
104 279 45
234 478 54
88 359 69
317 429 8
158 267 80
39 352 45
179 481 57
283 451 50
191 395 32
56 269 17
22 386 51
119 291 82
335 480 46
123 271 81
52 456 70
315 430 79
8 151 94
91 302 69
154 164 8
130 389 69
104 162 88
37 188 34
251 290 14
226 471 62
125 253 6
108 479 71
117 250 67
151 302 98
324 500 51
197 489 58
25 495 33
52 141 26
134 426 10
82 339 96
366 405 68
100 309 5
58 197 31
239 471 28
71 106 58
201 368 14
50 127 86
80 96 17
298 338 13
74 128 100
387 431 45
69 328 50
58 387 27
206 333 93
211 440 20
237 464 73
342 483 30
46 412 21
399 426 25
26 262 96
244 268 17
38 192 2
31 146 13
92 263 76
124 346 93
256 295 60
70 101 64
328 446 95
14 482 83
129 231 80
255 403 95
17 257 97
229 248 37
347 356 35
326 434 16
279 284 18
288 343 27
75 333 1
142 203 89
76 296 74
132 477 75
252 472 58
73 172 11
87 495 33
55 93 41
41 113 59
165 209 68
201 332 31
155 232 5
272 424 60
263 444 68
398 442 97
142 333 83
59 320 47
139 158 43
5 59 24
7 21 55
169 254 11
24 25 9
140 392 87
255 305 38
16 179 29
152 165 55
140 381 97
35 197 8
113 184 36
184 390 19
320 401 23
65 257 75
81 236 71
219 408 38
181 391 50
269 305 50
48 111 90
6 437 64
333 338 83
5 79 17
158 482 40
291 451 64
311 488 55
147 155 83
295 416 73
129 398 83
69 250 57
272 415 63
257 270 49
330 451 15
21 476 29
168 245 53
107 295 30
277 338 88
110 206 54
100 488 35
20 273 3
53 385 77
133 455 13
40 493 100
111 378 47
411 470 40
38 388 50
97 465 73
227 374 60
152 356 80
212 352 61
139 456 16
125 376 34
94 200 30
201 309 66
49 400 0
26 274 28
96 384 13
27 38 44
50 409 33
61 383 44
17 274 58
313 406 32
355 442 54
249 291 71
51 453 33
21 105 99
38 380 13
211 328 81
245 304 30
20 172 30
87 314 13
270 304 95
263 435 94
201 242 57
378 407 27
68 191 91
144 443 62
101 415 62
264 474 13
160 229 73
271 329 7
207 403 28
104 319 59
15 271 9
119 484 6
343 413 20
184 367 45
77 132 62
284 434 84
150 218 28
5 71 70
19 196 23
219 475 44
358 473 20
332 351 4
283 422 42
264 280 35
58 63 26
393 490 86
158 213 51
45 186 98
131 245 19
169 481 77
276 301 7
62 472 69
4 27 83
368 413 81
299 496 100
107 478 31
28 306 49
165 286 30
31 36 67
435 487 45
63 74 19
60 397 26
117 358 84
122 432 79
26 319 25
6 12 55
20 384 84
200 211 85
16 285 9
57 90 92
103 149 17
220 273 26
333 364 79
62 211 88
245 419 86
237 262 70
184 338 48
104 471 6
230 397 20
211 429 78
88 453 80
75 155 30
25 302 10
333 412 57
71 131 2
18 173 82
2 428 89
258 418 44
19 136 84
152 460 18
73 105 3
402 475 0
173 236 68
69 437 91
176 384 92
282 338 34
131 265 18
92 140 100
323 359 37
100 374 98
308 460 97
61 137 7
109 456 81
446 485 13
200 462 98
168 230 80
326 398 49
141 410 4
410 437 28
22 27 61
75 268 71
211 475 83
1 175 90
308 314 16
188 297 62
349 383 2
122 460 91
48 358 42
327 375 23
115 181 42
187 500 67
240 383 14
169 384 58
164 361 71
271 346 15
68 391 82
47 174 82
22 130 12
95 489 68
234 460 53
91 121 89
63 244 22
130 189 97
11 373 68
267 322 6
211 500 88
253 286 42
39 112 36
299 318 50
328 333 66
59 329 72
426 430 81
47 56 21
162 252 45
381 387 15
302 364 93
80 140 7
209 420 100
121 203 57
189 196 75
103 337 89
302 454 12
469 473 70
124 308 85
278 500 24
182 223 97
136 181 98
87 493 85
216 300 75
319 471 57
105 239 21
312 412 30
143 438 98
145 388 65
182 284 24
240 429 63
188 402 10
367 460 0
147 285 77
142 397 16
313 459 42
22 410 78
381 482 54
180 467 38
342 378 27
289 491 70
27 172 60
121 333 57
131 424 14
25 93 14
43 399 0
143 294 67
89 107 65
46 62 59
147 434 7
157 173 5
119 212 100
337 403 16
72 228 46
365 448 74
5 42 60
176 306 32
290 315 22
133 380 83
168 426 23
198 321 14
43 488 27
186 439 51
1 55 56
21 155 97
113 485 51
129 415 38
115 166 64
27 136 44
38 89 81
29 31 66
336 445 90
112 481 82
312 377 5
416 425 54
156 327 58
270 355 67
106 120 49
389 415 96
81 312 38
12 409 7
59 236 15
42 301 33
28 369 81
74 91 74
340 365 91
329 499 38
109 235 63
31 59 23
441 450 44
133 342 25
158 500 72
291 337 46
196 447 32
112 235 42
2 176 83
176 240 74
21 494 73
274 392 44
250 294 67
35 452 57
129 137 36
48 190 31
50 179 64
75 143 71
331 378 58
212 439 37
93 180 7
190 333 26
333 438 67
418 463 30
246 297 26
26 118 59
91 200 32
134 261 12
63 377 82
165 206 76
113 123 55
148 321 100
178 420 92
242 246 91
8 46 40
84 236 74
22 193 74
153 456 68
302 448 51
60 95 63
54 118 31
232 367 99
195 315 83
90 245 51
38 82 42
330 472 71
239 317 31
392 471 48
104 447 99
358 398 50
181 448 65
317 327 3
224 415 85
320 342 82
465 487 47
280 436 71
109 173 97
135 193 61
162 492 80
360 400 74
92 127 78
48 49 98
105 240 84
114 251 67
56 116 91
57 64 93
207 489 50
78 471 30
70 243 75
195 243 55
384 441 9
79 114 92
86 317 60
48 424 64
88 327 25
25 110 7
37 239 38
126 375 23
91 475 88
247 252 95
380 467 78
288 293 0
232 371 40
470 476 29
360 402 82
154 275 38
97 436 76
196 213 18
323 354 1
114 250 54
37 439 21
194 197 82
185 220 14
50 89 81
227 339 9
462 481 26
191 303 43
456 463 19
331 347 22
174 383 100
54 159 93
317 492 59
285 377 90
167 281 5
59 221 32
12 296 68
33 303 35
177 474 35
66 129 58
183 277 11
59 308 4
118 365 10
409 477 77
183 212 26
11 130 15
29 135 78
66 144 47
112 357 70
271 494 89
6 455 14
147 188 89
90 178 11
458 472 36
288 369 37
253 273 100
83 311 9
153 384 28
250 458 59
69 259 19
52 122 66
151 214 77
41 58 71
40 191 32
141 206 47
161 394 68
63 307 38
171 312 34
43 279 22
157 473 83
110 328 10
39 181 88
102 159 58
195 227 9
96 468 3
170 447 12
24 262 78
210 484 37
212 318 95
78 242 99
142 490 52
39 122 23
384 397 99
301 411 23
139 190 40
255 426 35
120 297 2
102 395 86
293 455 54
94 500 100
367 368 3
79 478 33
303 402 24
384 438 65
119 141 92
25 239 89
321 355 77
97 333 67
266 292 70
100 424 90
40 271 95
83 382 93
216 390 30
207 477 35
25 286 86
378 406 15
59 495 9
72 472 84
73 175 11
78 431 28
24 431 39
147 488 44
309 496 100
119 299 26
4 487 87
344 436 40
74 348 72
6 99 30
387 411 84
159 284 41
218 372 64
221 458 98
70 269 39
115 427 44
17 199 52
265 278 30
70 486 14
58 211 10
404 459 41
24 325 52
362 423 57
76 447 37
138 265 100
424 495 55
95 351 39
13 92 95
18 45 0
74 411 90
257 486 54
64 133 80
159 448 78
395 432 50
99 360 84
90 444 56
156 168 86
377 453 58
32 319 78
119 231 24
126 236 19
63 246 78
255 358 12
271 373 69
23 395 100
94 477 72
181 269 60
51 459 100
51 420 66
345 483 72
106 249 83
117 400 7
139 462 66
89 289 3
356 461 5
262 387 26
397 442 48
15 368 56
92 441 61
59 274 16
243 432 83
238 413 61
63 261 10
239 491 7
231 432 75
103 225 64
176 254 24
77 278 25
116 269 83
21 352 74
93 424 52
69 183 6
152 301 82
26 209 85
150 167 93
110 273 41
